time,user_id,user_name,gift_name,gift_count,diamond_total,grade,fans_club
2026-05-16 21:03:40,104029344800,彬彬有礼😊,为你闪耀,1,9,[等级14],[粉丝团 Lv5]
2026-05-16 21:03:40,81488044418,毛哥,粉丝团灯牌,1,1,[等级34],[粉丝团 Lv12]
2026-05-16 21:03:40,2510895138218599,刘一叨,粉丝团灯牌,1,1,[等级29],[粉丝团 Lv10]
2026-05-16 21:03:40,111200763682,"Mr,李",粉丝团灯牌,1,1,[等级32],[粉丝团 Lv4]
2026-05-16 21:03:40,53599471470,A-svvv.,为你闪耀,1,9,[等级18],[粉丝团 Lv11]
2026-05-16 21:03:40,104029344800,彬彬有礼😊,为你闪耀,1,9,[等级14],[粉丝团 Lv5]
2026-05-16 21:03:41,355860765224654,余生☜,人气票,1,1,[等级20],[粉丝团 Lv1]
2026-05-16 21:03:41,53599471470,A-svvv.,为你闪耀,1,9,[等级18],[粉丝团 Lv11]
2026-05-16 21:03:41,355860765224654,余生☜,人气票,1,1,[等级20],[粉丝团 Lv1]
2026-05-16 21:03:41,3320120868872733,晓🔥➹熬汤🎶,粉丝团灯牌,1,1,[等级24],[粉丝团 Lv11]
2026-05-16 21:03:41,1024373538947773,墨遥,粉丝团灯牌,1,1,[等级33],[粉丝团 Lv8]
2026-05-16 21:03:42,53599471470,A-svvv.,为你闪耀,1,9,[等级18],[粉丝团 Lv11]
2026-05-16 21:03:42,53599471470,A-svvv.,为你闪耀,2,18,[等级18],[粉丝团 Lv11]
2026-05-16 21:03:42,71295108693,疯人院里的疯子,粉丝团灯牌,1,1,[等级14],[粉丝团 Lv12]
2026-05-16 21:03:42,111239340976,起风了,粉丝团灯牌,1,1,[等级22],[粉丝团 Lv5]
2026-05-16 21:03:42,50316196128,懒大王i,点亮粉丝团,1,1,[等级14],[粉丝团 Lv2]
2026-05-16 21:03:43,53599471470,A-svvv.,为你闪耀,2,18,[等级18],[粉丝团 Lv11]
2026-05-16 21:03:43,106680709669,心誓缘,粉丝团灯牌,1,1,[等级16],[粉丝团 Lv11]
2026-05-16 21:03:43,4376501357381755,鸿运当头，,点亮粉丝团,1,1,[等级10],[粉丝团 Lv6]
2026-05-16 21:03:43,50316196128,懒大王i,点亮粉丝团,1,1,[等级14],[粉丝团 Lv2]
2026-05-16 21:03:44,198341897501503,他予她梦,点亮粉丝团,1,1,[等级24],[粉丝团 Lv10]
2026-05-16 21:03:44,103959715954,劉，,粉丝团灯牌,1,1,[等级18],[粉丝团 Lv11]
2026-05-16 21:03:45,1024373538947773,墨遥,为你闪耀,1,9,[等级33],[粉丝团 Lv8]
2026-05-16 21:03:46,4376501357381755,鸿运当头，,点亮粉丝团,1,1,[等级10],[粉丝团 Lv6]
2026-05-16 21:03:46,198341897501503,他予她梦,点亮粉丝团,1,1,[等级24],[粉丝团 Lv10]
2026-05-16 21:03:47,3307744355156168,万马奔腾（黑风寨小妖）,粉丝团灯牌,1,1,[等级32],[粉丝团 Lv15]
2026-05-16 21:03:49,7457874793100461080,常开心,告白气球,1,99,[等级6],[粉丝团 Lv7]
2026-05-16 21:03:49,1024373538947773,墨遥,为你闪耀,1,9,[等级33],[粉丝团 Lv8]
2026-05-16 21:03:49,60658007993,এ᭄左右皆是甜࿐,粉丝团灯牌,1,1,[等级23],[粉丝团 Lv15]
2026-05-16 21:03:50,99605626539,小悔不是小梅,粉丝团灯牌,1,1,[等级23],[粉丝团 Lv9]
2026-05-16 21:03:50,100250375575,葛小葛,粉丝团灯牌,1,1,[等级18],[粉丝团 Lv10]
2026-05-16 21:03:52,1024373538947773,墨遥,为你闪耀,1,9,[等级33],[粉丝团 Lv8]
2026-05-16 21:03:53,80604333409,驫,粉丝团灯牌,1,1,[等级23],[粉丝团 Lv13]
2026-05-16 21:03:53,102594694656,凌晨两点半,粉丝团灯牌,1,1,[等级17],[粉丝团 Lv2]
2026-05-16 21:03:54,81186655488,大升哥,粉丝团灯牌,1,1,[等级16],[粉丝团 Lv12]
2026-05-16 21:03:54,60951500377,口口大炮,粉丝团灯牌,1,1,[等级22],[粉丝团 Lv4]
2026-05-16 21:03:54,1024373538947773,墨遥,为你闪耀,1,9,[等级33],[粉丝团 Lv8]
2026-05-16 21:03:58,99698354564,郑嘉,粉丝团灯牌,1,1,[等级12],[粉丝团 Lv9]
2026-05-16 21:04:02,95673471748,🌈晴空万李,点亮粉丝团,1,1,[等级20],[粉丝团 Lv8]
2026-05-16 21:04:02,92264383630,🌈﹎◆◇Bin╰。✨,粉丝团灯牌,1,1,[等级20],[粉丝团 Lv11]
2026-05-16 21:04:03,93819596140,泡芙仙女,粉丝团灯牌,1,1,[等级16],[粉丝团 Lv12]
2026-05-16 21:04:04,2461181348682649,小科（三角洲行动）,粉丝团灯牌,1,1,[等级3],[粉丝团 Lv6]
2026-05-16 21:04:05,95673471748,🌈晴空万李,点亮粉丝团,1,1,[等级20],[粉丝团 Lv8]
2026-05-16 21:04:05,95673471748,🌈晴空万李,粉丝团灯牌,1,1,[等级20],[粉丝团 Lv8]
2026-05-16 21:04:05,50946794008,那些遗忘的青春,粉丝团灯牌,1,1,[等级29],[粉丝团 Lv15]
2026-05-16 21:04:07,2488931359145070,G                 w,最亮灯泡,1,99,[等级33],
2026-05-16 21:04:08,60951500377,口口大炮,为你闪耀,1,9,[等级22],[粉丝团 Lv4]
2026-05-16 21:04:09,53599471470,A-svvv.,为你闪耀,1,9,[等级18],[粉丝团 Lv11]
2026-05-16 21:04:10,4385284366281144,只想躺平,粉丝团灯牌,1,1,[等级7],[粉丝团 Lv4]
2026-05-16 21:04:10,53599471470,A-svvv.,为你闪耀,2,18,[等级18],[粉丝团 Lv11]
2026-05-16 21:04:10,60951500377,口口大炮,为你闪耀,1,9,[等级22],[粉丝团 Lv4]
2026-05-16 21:04:12,53599471470,A-svvv.,为你闪耀,3,27,[等级18],[粉丝团 Lv11]
2026-05-16 21:04:13,101475054252,·,粉丝团灯牌,1,1,[等级14],[粉丝团 Lv12]
2026-05-16 21:04:13,83891107891,山月不知心底事( ˃̶̤́ ꒳ ˂̶̤̀,粉丝团灯牌,1,1,[等级17],[粉丝团 Lv6]
2026-05-16 21:04:14,71333250956,再一,点亮粉丝团,1,1,[等级15],[粉丝团 Lv10]
2026-05-16 21:04:15,53599471470,A-svvv.,为你闪耀,3,27,[等级18],[粉丝团 Lv11]
2026-05-16 21:04:16,82573475099,天道酬勤@,点亮粉丝团,1,1,[等级40],[粉丝团 Lv8]
2026-05-16 21:04:16,89200424605,@6,粉丝团灯牌,1,1,[等级22],[粉丝团 Lv12]
2026-05-16 21:04:17,71333250956,再一,粉丝团灯牌,1,1,[等级15],[粉丝团 Lv10]
2026-05-16 21:04:17,71333250956,再一,点亮粉丝团,1,1,[等级15],[粉丝团 Lv10]
2026-05-16 21:04:18,59501298483,骑老奶奶闯红灯被老奶奶骑,粉丝团灯牌,1,1,[等级26],[粉丝团 Lv10]
2026-05-16 21:04:20,82573475099,天道酬勤@,点亮粉丝团,1,1,[等级40],[粉丝团 Lv8]
2026-05-16 21:04:20,82573475099,天道酬勤@,粉丝团灯牌,1,1,[等级40],[粉丝团 Lv8]
2026-05-16 21:04:20,63218879574,🖍️蜡笔小小小小,粉丝团灯牌,1,1,[等级17],[粉丝团 Lv11]
2026-05-16 21:04:20,3632429619484142,稣（粤广拖车）,粉丝团灯牌,1,1,[等级23],[粉丝团 Lv13]
2026-05-16 21:04:23,87272765687,～,点亮粉丝团,1,9,[等级12],[粉丝团 Lv12]
2026-05-16 21:04:24,65303539287,࿐星河染岳🌧️,点亮粉丝团,1,1,[等级28],[粉丝团 Lv5]
2026-05-16 21:04:26,100997470262,小杨不爱说话,小心心,1,1,[等级7],[粉丝团 Lv1]
2026-05-16 21:04:26,87272765687,～,粉丝团灯牌,1,1,[等级12],[粉丝团 Lv12]
2026-05-16 21:04:26,66452573188,無為,粉丝团灯牌,1,1,[等级26],[粉丝团 Lv11]
2026-05-16 21:04:26,87272765687,～,点亮粉丝团,1,9,[等级12],[粉丝团 Lv12]
2026-05-16 21:04:27,65303539287,࿐星河染岳🌧️,点亮粉丝团,1,1,[等级28],[粉丝团 Lv5]
2026-05-16 21:04:27,430658662965355,芋头不秃头💕,粉丝团灯牌,1,1,[等级16],[粉丝团 Lv10]
2026-05-16 21:04:29,100997470262,小杨不爱说话,小心心,1,1,[等级7],[粉丝团 Lv1]
2026-05-16 21:04:29,55389390001,徐三岁,棒棒糖,1,9,[等级16],[粉丝团 Lv12]
2026-05-16 21:04:29,81466636133,一个大太阳🌞,粉丝团灯牌,1,1,[等级24],[粉丝团 Lv10]
2026-05-16 21:04:29,55389390001,徐三岁,棒棒糖,2,18,[等级16],[粉丝团 Lv12]
2026-05-16 21:04:31,55389390001,徐三岁,小心心,1,1,[等级16],[粉丝团 Lv12]
2026-05-16 21:04:31,55389390001,徐三岁,棒棒糖,2,18,[等级16],[粉丝团 Lv12]
2026-05-16 21:04:32,55389390001,徐三岁,小心心,2,2,[等级16],[粉丝团 Lv12]
2026-05-16 21:04:34,76053653455,甜甜不吃甜,点亮粉丝团,1,1,[等级30],[粉丝团:张君雅 Lv10]
2026-05-16 21:04:35,55389390001,徐三岁,小心心,2,2,[等级16],[粉丝团 Lv12]
2026-05-16 21:04:37,317131886701639,k2,粉丝团灯牌,1,1,[等级20],[粉丝团 Lv12]
2026-05-16 21:04:37,76053653455,甜甜不吃甜,点亮粉丝团,1,1,[等级30],[粉丝团:张君雅 Lv10]
2026-05-16 21:04:39,196131646094872,小洋哥的零花钱,粉丝团灯牌,1,1,[等级32],[粉丝团 Lv3]
2026-05-16 21:04:41,53599471470,A-svvv.,为你闪耀,1,9,[等级18],[粉丝团 Lv11]
2026-05-16 21:04:42,53599471470,A-svvv.,为你闪耀,2,18,[等级18],[粉丝团 Lv11]
2026-05-16 21:04:43,2482077430460700,✨🌙✨ 星星泡饭,粉丝团灯牌,1,1,[等级16],[粉丝团 Lv8]
2026-05-16 21:04:45,19329571451,初见,粉丝团灯牌,1,1,[等级19],[粉丝团 Lv12]
2026-05-16 21:04:45,53599471470,A-svvv.,为你闪耀,2,18,[等级18],[粉丝团 Lv11]
2026-05-16 21:04:49,196131646094872,小洋哥的零花钱,为你闪耀,1,9,[等级32],[粉丝团 Lv4]
2026-05-16 21:04:50,96944130226,一个、很土的土豆！,粉丝团灯牌,1,1,[等级19],[粉丝团 Lv12]
2026-05-16 21:04:51,73899285839,A🦋,粉丝团灯牌,1,1,[等级25],[粉丝团 Lv9]
2026-05-16 21:04:51,196131646094872,小洋哥的零花钱,为你闪耀,1,9,[等级32],[粉丝团 Lv4]
2026-05-16 21:04:52,3623596068973480,Cisyam,粉丝团灯牌,1,1,[等级3],[粉丝团 Lv4]
2026-05-16 21:04:57,101506242007,懵🫧,粉丝团灯牌,1,1,[等级40],[粉丝团 Lv4]
2026-05-16 21:04:59,68434721578,♠♥♣♦,粉丝团灯牌,1,1,[等级24],[粉丝团 Lv10]
2026-05-16 21:04:59,101506242007,懵🫧,为你闪耀,1,9,[等级40],[粉丝团 Lv4]
2026-05-16 21:05:00,96331647265,娩寳.🌸,点亮粉丝团,1,1,[等级12],[粉丝团 Lv9]
2026-05-16 21:05:02,62637204631,不忘初心丶,粉丝团灯牌,1,1,[等级34],[粉丝团 Lv16]
2026-05-16 21:05:02,101506242007,懵🫧,为你闪耀,1,9,[等级40],[粉丝团 Lv4]
2026-05-16 21:05:02,3769586112557848,🌈🌈🌈涅灭,粉丝团灯牌,1,1,[等级22],[粉丝团 Lv10]
2026-05-16 21:05:03,100593239681,小周周,粉丝团灯牌,1,1,[等级23],[粉丝团 Lv4]
2026-05-16 21:05:03,101506242007,懵🫧,为你闪耀,1,9,[等级40],[粉丝团 Lv4]
2026-05-16 21:05:03,96331647265,娩寳.🌸,点亮粉丝团,1,1,[等级12],[粉丝团 Lv9]
2026-05-16 21:05:05,53599471470,A-svvv.,为你闪耀,1,9,[等级18],[粉丝团 Lv11]
2026-05-16 21:05:06,101506242007,懵🫧,为你闪耀,1,9,[等级40],[粉丝团 Lv4]
2026-05-16 21:05:06,53599471470,A-svvv.,为你闪耀,2,18,[等级18],[粉丝团 Lv11]
2026-05-16 21:05:08,101506242007,懵🫧,为你闪耀,1,9,[等级40],[粉丝团 Lv4]
2026-05-16 21:05:09,104391516040,枫  灵,粉丝团灯牌,1,1,[等级32],[粉丝团 Lv15]
2026-05-16 21:05:09,71009268564,星空,小心心,1,1,[等级32],[粉丝团 Lv11]
2026-05-16 21:05:09,53599471470,A-svvv.,为你闪耀,2,18,[等级18],[粉丝团 Lv11]
2026-05-16 21:05:10,71009268564,星空,小心心,2,2,[等级32],[粉丝团 Lv12]
2026-05-16 21:05:11,101506242007,懵🫧,为你闪耀,1,9,[等级40],[粉丝团 Lv4]
2026-05-16 21:05:12,734120676960600,平常心,粉丝团灯牌,1,1,[等级18],[粉丝团 Lv15]
2026-05-16 21:05:12,71009268564,星空,小心心,2,2,[等级32],[粉丝团 Lv12]
2026-05-16 21:05:12,101506242007,懵🫧,为你闪耀,1,9,[等级40],[粉丝团 Lv4]
2026-05-16 21:05:12,81160200889,白洛師門,点亮粉丝团,1,1,[等级21],[粉丝团 Lv4]
2026-05-16 21:05:16,101506242007,懵🫧,为你闪耀,1,9,[等级40],[粉丝团 Lv4]
2026-05-16 21:05:16,81160200889,白洛師門,点亮粉丝团,1,1,[等级21],[粉丝团 Lv4]
2026-05-16 21:05:18,2613991669264746,人生难,入团卡,1,1,[等级2],
2026-05-16 21:05:18,2093058708485624,🌈温妤,粉丝团灯牌,1,1,[等级15],[粉丝团 Lv11]
2026-05-16 21:05:19,2826177081256832,冷寂,粉丝团灯牌,1,1,[等级9],[粉丝团 Lv4]
2026-05-16 21:05:20,118362727004531,静,撩一下,1,19,[等级13],[粉丝团 Lv11]
2026-05-16 21:05:21,52243439934,Air_,最亮灯泡,1,99,[等级20],[粉丝团 Lv10]
2026-05-16 21:05:21,2613991669264746,人生难,入团卡,1,1,[等级2],
2026-05-16 21:05:22,3836616730749024,伤心能走医保吗？,粉丝团灯牌,1,1,[等级15],[粉丝团 Lv5]
2026-05-16 21:05:22,98693456215,Elowen | 风褶信笺,粉丝团灯牌,1,1,[等级32],[粉丝团 Lv13]
2026-05-16 21:05:24,118362727004531,静,撩一下,1,19,[等级13],[粉丝团 Lv11]
2026-05-16 21:05:24,53599471470,A-svvv.,为你闪耀,1,9,[等级18],[粉丝团 Lv11]
2026-05-16 21:05:25,2613991669264746,人生难,粉丝团灯牌,1,1,[等级2],[粉丝团 Lv1]
2026-05-16 21:05:27,53599471470,A-svvv.,为你闪耀,1,9,[等级18],[粉丝团 Lv11]
2026-05-16 21:05:27,2985911644861848,嗯呢。,粉丝团灯牌,1,1,[等级15],[粉丝团 Lv10]
2026-05-16 21:05:28,108723266757,蓝桉 .,点亮粉丝团,1,1,[等级25],[粉丝团 Lv10]
2026-05-16 21:05:28,522982768251300,哇哈哈v,粉丝团灯牌,1,1,[等级31],[粉丝团 Lv15]
2026-05-16 21:05:29,1855601621336584,Only,点亮粉丝团,1,1,[等级10],[粉丝团 Lv8]
2026-05-16 21:05:30,81160200889,白洛師門,粉丝团灯牌,1,1,[等级21],[粉丝团 Lv4]
2026-05-16 21:05:31,108723266757,蓝桉 .,点亮粉丝团,1,1,[等级25],[粉丝团 Lv10]
2026-05-16 21:05:31,108723266757,蓝桉 .,粉丝团灯牌,1,1,[等级25],[粉丝团 Lv10]
2026-05-16 21:05:32,1855601621336584,Only,点亮粉丝团,1,1,[等级10],[粉丝团 Lv8]
2026-05-16 21:05:33,108061107265,MCH,粉丝团灯牌,1,1,[等级27],[粉丝团 Lv15]
2026-05-16 21:05:34,76053653455,甜甜不吃甜,告白气球,1,99,[等级30],[粉丝团:张君雅 Lv10]
2026-05-16 21:05:36,92850574669,陈可安,小心心,1,1,[等级34],
2026-05-16 21:05:37,69656302641,你努力过就好,粉丝团灯牌,1,1,[等级9],[粉丝团 Lv8]
2026-05-16 21:05:38,546890633991104,知其不可奈何而安之若命,粉丝团灯牌,1,1,[等级14],[粉丝团 Lv10]
2026-05-16 21:05:39,92850574669,陈可安,小心心,1,1,[等级34],
2026-05-16 21:05:39,105183640041015,清禾夏,粉丝团灯牌,1,1,[等级18],[粉丝团 Lv10]
2026-05-16 21:05:39,92316060714,沿途看风景，,粉丝团灯牌,1,1,[等级18],[粉丝团 Lv9]
2026-05-16 21:05:39,3447666525090040,朐,粉丝团灯牌,1,1,[等级19],[粉丝团 Lv13]
2026-05-16 21:05:44,4468062159648576,LK,粉丝团灯牌,1,1,[等级27],[粉丝团 Lv15]
2026-05-16 21:05:45,118362727004531,静,小心心,1,1,[等级13],[粉丝团 Lv11]
2026-05-16 21:05:45,106878402797,小凤吖😉,粉丝团灯牌,1,1,[等级22],[粉丝团 Lv13]
2026-05-16 21:05:45,98022442209,Prisoner,粉丝团灯牌,1,1,[等级9],[粉丝团 Lv10]
2026-05-16 21:05:45,2113706283258068,前世,粉丝团灯牌,1,1,[等级17],[粉丝团 Lv12]
2026-05-16 21:05:46,61996707920,小瓦匠,粉丝团灯牌,1,1,[等级32],[粉丝团 Lv15]
2026-05-16 21:05:47,105390683746,随心所.遇,粉丝团灯牌,1,1,[等级28],[粉丝团 Lv13]
2026-05-16 21:05:47,609609669943083,想暴涨50斤,粉丝团灯牌,1,1,[等级9],[粉丝团 Lv10]
2026-05-16 21:05:47,118362727004531,静,小心心,1,1,[等级13],[粉丝团 Lv11]
2026-05-16 21:05:54,580132056349006,不系舟,粉丝团灯牌,1,1,[等级6],[粉丝团 Lv9]
2026-05-16 21:05:57,2194268031555192,中哥,粉丝团灯牌,1,1,[等级10],[粉丝团 Lv9]
2026-05-16 21:06:03,63800499866,꧁༺教授༻꧂,粉丝团灯牌,1,1,[等级18],[粉丝团 Lv6]
2026-05-16 21:06:03,888877934459624,🇨🇳夨坕,粉丝团灯牌,1,1,[等级33],[粉丝团 Lv9]
2026-05-16 21:06:03,69187910838,给姐整笑了,粉丝团灯牌,1,1,[等级24],[粉丝团 Lv14]
2026-05-16 21:06:16,84875744470,Rock,粉丝团灯牌,1,1,[等级33],[粉丝团 Lv12]
2026-05-16 21:06:16,62028422618,张勇胜,粉丝团灯牌,1,1,[等级28],[粉丝团 Lv13]
2026-05-16 21:06:17,1099972564753256,DDDDDDee.,点点星光,1,1,[等级35],[粉丝团:张君雅 Lv15]
2026-05-16 21:06:17,93053380047,霖ㅤㅤ,点亮粉丝团,1,1,[等级11],[粉丝团 Lv10]
2026-05-16 21:06:19,4199749056208140,仠𥆩,粉丝团灯牌,1,1,[等级22],[粉丝团 Lv12]
2026-05-16 21:06:20,93053380047,霖ㅤㅤ,点亮粉丝团,1,1,[等级11],[粉丝团 Lv10]
2026-05-16 21:06:20,93053380047,霖ㅤㅤ,粉丝团灯牌,1,1,[等级11],[粉丝团 Lv10]
2026-05-16 21:06:21,1288256192774340,海叔,小心心,1,1,[等级21],[粉丝团 Lv12]
2026-05-16 21:06:23,1288256192774340,海叔,小心心,1,1,[等级21],[粉丝团 Lv12]
2026-05-16 21:06:23,66221024331,“𝙎𝙪𝙥𝙧𝙚𝙢𝙚 »,点亮粉丝团,1,1,[等级7],[粉丝团 Lv7]
2026-05-16 21:06:24,1099111012513628,霜月贰💫,粉丝团灯牌,1,1,[等级9],[粉丝团 Lv10]
2026-05-16 21:06:26,66221024331,“𝙎𝙪𝙥𝙧𝙚𝙢𝙚 »,点亮粉丝团,1,1,[等级7],[粉丝团 Lv7]
2026-05-16 21:06:26,2687668730730637,￴ ￴￴ ￴ ￴￴,点亮粉丝团,1,9,[等级18],[粉丝团 Lv12]
2026-05-16 21:06:28,93420078561,无奈,点亮粉丝团,1,1,[等级30],[粉丝团 Lv8]
2026-05-16 21:06:28,4365509707703159,🌈Augety,粉丝团灯牌,1,1,[等级18],[粉丝团 Lv11]
2026-05-16 21:06:29,93420078561,无奈,粉丝团灯牌,1,1,[等级30],[粉丝团 Lv8]
2026-05-16 21:06:29,93420078561,无奈,点亮粉丝团,1,1,[等级30],[粉丝团 Lv8]
2026-05-16 21:06:29,2687668730730637,￴ ￴￴ ￴ ￴￴,点亮粉丝团,1,9,[等级18],[粉丝团 Lv12]
2026-05-16 21:06:30,2361387433074296,琼,粉丝团灯牌,1,1,[等级22],[粉丝团 Lv14]
2026-05-16 21:06:30,1934756770227812,🌈九门提督,粉丝团灯牌,1,1,[等级27],[粉丝团 Lv14]
2026-05-16 21:06:30,2687668730730637,￴ ￴￴ ￴ ￴￴,粉丝团灯牌,1,1,[等级19],[粉丝团 Lv12]
2026-05-16 21:06:31,64611823837,猫小豪,点亮粉丝团,1,1,[等级29],[粉丝团 Lv10]
2026-05-16 21:06:32,89803644413,淡然,粉丝团灯牌,1,1,[等级19],[粉丝团 Lv5]
2026-05-16 21:06:34,64611823837,猫小豪,点亮粉丝团,1,1,[等级29],[粉丝团 Lv10]
2026-05-16 21:06:35,64611823837,猫小豪,粉丝团灯牌,1,1,[等级29],[粉丝团 Lv10]
2026-05-16 21:06:40,111158255581,虛無缥缈,粉丝团灯牌,1,1,[等级17],[粉丝团 Lv13]
2026-05-16 21:06:40,52243439934,Air_,告白气球,1,99,[等级20],[粉丝团 Lv10]
2026-05-16 21:06:47,66221024331,“𝙎𝙪𝙥𝙧𝙚𝙢𝙚 »,粉丝团灯牌,1,1,[等级7],[粉丝团 Lv7]
2026-05-16 21:06:48,85134135377,未语,粉丝团灯牌,1,1,[等级22],[粉丝团 Lv12]
2026-05-16 21:06:48,67809813402,CATTI必过💪,粉丝团灯牌,1,1,[等级14],[粉丝团 Lv10]
2026-05-16 21:06:52,100110143118,彤🐳,粉丝团灯牌,1,1,[等级24],[粉丝团 Lv14]
2026-05-16 21:06:52,63739222882,༺℘静࿚,粉丝团灯牌,1,1,[等级24],[粉丝团 Lv11]
2026-05-16 21:06:55,101754547690,别吵我睡觉.,粉丝团灯牌,1,1,[等级20],[粉丝团 Lv13]
2026-05-16 21:07:01,59348532870,贫僧法号：乱来,为你举牌,1,199,[等级34],
2026-05-16 21:07:02,3389119531859284,“墨屿”⁹⁹⁰,点亮粉丝团,1,1,[等级33],[粉丝团 Lv10]
2026-05-16 21:07:05,61872807109,wu hao hua,点亮粉丝团,1,1,[等级14],[粉丝团 Lv2]
2026-05-16 21:07:05,3389119531859284,“墨屿”⁹⁹⁰,点亮粉丝团,1,1,[等级33],[粉丝团 Lv10]
2026-05-16 21:07:08,2154667534196974,是舒不是苏,粉丝团灯牌,1,1,[等级12],[粉丝团 Lv12]
2026-05-16 21:07:08,61872807109,wu hao hua,点亮粉丝团,1,1,[等级14],[粉丝团 Lv2]
2026-05-16 21:07:09,66816733493,υ尤‣,粉丝团灯牌,1,1,[等级14],[粉丝团 Lv12]
2026-05-16 21:07:09,61872807109,wu hao hua,粉丝团灯牌,1,1,[等级14],[粉丝团 Lv2]
2026-05-16 21:07:09,1204668600162504,仰望星空,点亮粉丝团,1,1,[等级32],[粉丝团 Lv5]
2026-05-16 21:07:09,52936644297,风̶,点亮粉丝团,1,1,[等级44],[粉丝团 Lv10]
2026-05-16 21:07:11,2234682707544967,子一,闪烁星河,1,1,[等级29],[粉丝团:张君雅 Lv15]
2026-05-16 21:07:13,1204668600162504,仰望星空,点亮粉丝团,1,1,[等级32],[粉丝团 Lv5]
2026-05-16 21:07:13,52936644297,风̶,点亮粉丝团,1,1,[等级44],[粉丝团 Lv10]
2026-05-16 21:07:13,68139327074,🫧🫧,粉丝团灯牌,1,1,[等级20],[粉丝团 Lv13]
2026-05-16 21:07:14,2234682707544967,子一,星光闪耀,1,9,[等级29],[粉丝团:张君雅 Lv15]
2026-05-16 21:07:14,85134135377,未语,你最好看,1,2,[等级22],[粉丝团 Lv12]
2026-05-16 21:07:15,104567055523,￴ 英凤,粉丝团灯牌,1,1,[等级24],[粉丝团 Lv10]
2026-05-16 21:07:15,110927558985,听风,粉丝团灯牌,1,1,[等级25],[粉丝团 Lv8]
2026-05-16 21:07:17,2234682707544967,子一,星光闪耀,1,9,[等级29],[粉丝团:张君雅 Lv15]
2026-05-16 21:07:17,85134135377,未语,你最好看,1,2,[等级22],[粉丝团 Lv12]
2026-05-16 21:07:20,2234682707544967,子一,星光闪耀,1,9,[等级29],[粉丝团:张君雅 Lv15]
2026-05-16 21:07:21,103068542242,不姓张不姓蛋,粉丝团灯牌,1,1,[等级23],[粉丝团 Lv13]
2026-05-16 21:07:23,2234682707544967,子一,星光闪耀,1,9,[等级29],[粉丝团:张君雅 Lv15]
2026-05-16 21:07:23,1204668600162504,仰望星空,粉丝团灯牌,1,1,[等级32],[粉丝团 Lv6]
2026-05-16 21:07:25,104813594353,等风收尾,点亮粉丝团,1,1,[等级24],[粉丝团 Lv9]
2026-05-16 21:07:27,2493328280784643,墨染锦年,粉丝团灯牌,1,1,[等级30],[粉丝团 Lv13]
2026-05-16 21:07:28,2234682707544967,子一,为你闪耀,1,9,[等级29],[粉丝团:张君雅 Lv15]
2026-05-16 21:07:28,2234682707544967,子一,为你闪耀,2,18,[等级29],[粉丝团:张君雅 Lv15]
2026-05-16 21:07:29,104813594353,等风收尾,粉丝团灯牌,1,1,[等级24],[粉丝团 Lv9]
2026-05-16 21:07:29,104813594353,等风收尾,点亮粉丝团,1,1,[等级24],[粉丝团 Lv9]
2026-05-16 21:07:29,101424553252,小卷,粉丝团灯牌,1,1,[等级19],[粉丝团 Lv15]
2026-05-16 21:07:31,2234682707544967,子一,为你闪耀,2,18,[等级29],[粉丝团:张君雅 Lv15]
2026-05-16 21:07:31,98001188310,屿悦悦、,点亮粉丝团,1,1,[等级21],[粉丝团 Lv4]
2026-05-16 21:07:35,98001188310,屿悦悦、,粉丝团灯牌,1,1,[等级21],[粉丝团 Lv4]
2026-05-16 21:07:35,98001188310,屿悦悦、,点亮粉丝团,1,1,[等级21],[粉丝团 Lv4]
2026-05-16 21:07:35,98001188310,屿悦悦、,点亮粉丝团,1,1,[等级21],[粉丝团 Lv4]
2026-05-16 21:07:38,108174031750,■劉锅锅…つ⁵¹⁰⁷⁴,粉丝团灯牌,1,1,[等级33],[粉丝团 Lv15]
2026-05-16 21:07:41,663746325775534,✨ཉི༗雨后天晴✨ཉི,粉丝团灯牌,1,1,[等级25],[粉丝团 Lv11]
2026-05-16 21:07:41,101647246155,大力水手,小心心,1,1,[等级22],[粉丝团 Lv15]
2026-05-16 21:07:45,101647246155,大力水手,小心心,1,1,[等级22],[粉丝团 Lv15]
2026-05-16 21:07:45,1257440102592381,2467卡0,小心心,1,1,[等级34],[粉丝团 Lv16]
2026-05-16 21:07:48,1257440102592381,2467卡0,小心心,1,1,[等级34],[粉丝团 Lv16]
2026-05-16 21:07:49,101647246155,大力水手,小心心,1,1,[等级22],[粉丝团 Lv15]
2026-05-16 21:07:51,101647246155,大力水手,小心心,1,1,[等级22],[粉丝团 Lv15]
2026-05-16 21:07:52,3680819691683396,雯潆,粉丝团灯牌,1,1,[等级27],[粉丝团 Lv12]
2026-05-16 21:08:01,73880468522,🔅,你最好看,1,2,[等级14],
2026-05-16 21:08:02,3941064954611111,歪歪,粉丝团灯牌,1,1,[等级34],[粉丝团 Lv16]
2026-05-16 21:08:04,73880468522,🔅,你最好看,1,2,[等级14],
2026-05-16 21:08:08,98365726569,你不明白,粉丝团灯牌,1,1,[等级21],[粉丝团 Lv10]
2026-05-16 21:08:10,4143422361062584,行者,点亮粉丝团,1,9,[等级42],[粉丝团 Lv11]
2026-05-16 21:08:12,4143422361062584,行者,点亮粉丝团,1,9,[等级42],[粉丝团 Lv11]
2026-05-16 21:08:14,60790434096,在等你心动.,粉丝团灯牌,1,1,[等级17],[粉丝团 Lv7]
2026-05-16 21:08:14,96169272508,🧡宅漫（瑞士卷第一！）,粉丝团灯牌,1,1,[等级25],[粉丝团 Lv11]
2026-05-16 21:08:14,95319307763,T,粉丝团灯牌,1,1,[等级9],[粉丝团 Lv10]
2026-05-16 21:08:14,110002483346,温酒斩俗尘,粉丝团灯牌,1,1,[等级21],[粉丝团 Lv12]
2026-05-16 21:08:20,3996063592881981,@@🚬yangꦿ᭄ཽ࿆࿆:,点亮粉丝团,1,1,[等级15],[粉丝团 Lv10]
2026-05-16 21:08:23,3996063592881981,@@🚬yangꦿ᭄ཽ࿆࿆:,点亮粉丝团,1,1,[等级15],[粉丝团 Lv10]
2026-05-16 21:08:24,3657438303882196,乐小喵,小心心,1,1,[等级19],[粉丝团 Lv2]
2026-05-16 21:08:24,101138818359,小鱼,小心心,1,1,[等级34],[粉丝团 Lv15]
2026-05-16 21:08:24,3570828853122856,@23（五哥）,点亮粉丝团,1,1,[等级39],[粉丝团 Lv9]
2026-05-16 21:08:26,3657438303882196,乐小喵,小心心,1,1,[等级19],[粉丝团 Lv2]
2026-05-16 21:08:27,101138818359,小鱼,小心心,1,1,[等级34],[粉丝团 Lv15]
2026-05-16 21:08:27,3570828853122856,@23（五哥）,点亮粉丝团,1,1,[等级39],[粉丝团 Lv9]
2026-05-16 21:08:29,3570828853122856,@23（五哥）,粉丝团灯牌,1,1,[等级39],[粉丝团 Lv9]
2026-05-16 21:08:29,2491922095806825,@自定义,点亮粉丝团,1,9,[等级9],[粉丝团 Lv11]
2026-05-16 21:08:32,2491922095806825,@自定义,点亮粉丝团,1,9,[等级9],[粉丝团 Lv11]
2026-05-16 21:08:36,61960743593,无名先生,粉丝团灯牌,1,1,[等级23],[粉丝团 Lv8]
2026-05-16 21:08:42,2502904624717484,MARIO.,粉丝团灯牌,1,1,[等级21],[粉丝团 Lv10]
2026-05-16 21:08:43,101733328424,🐱芝士喵🐱,粉丝团灯牌,1,1,[等级35],[粉丝团 Lv12]
2026-05-16 21:08:45,2305018105430168,七安♂,粉丝团灯牌,1,1,[等级34],[粉丝团 Lv10]
2026-05-16 21:08:51,104932664394,时光中有你,小心心,1,1,[等级18],[粉丝团 Lv10]
2026-05-16 21:08:53,2575503930961296,南风🪞,粉丝团灯牌,1,1,[等级10],[粉丝团 Lv8]
2026-05-16 21:08:53,104932664394,时光中有你,小心心,1,1,[等级18],[粉丝团 Lv10]
2026-05-16 21:08:56,109228529653,幸福,小心心,1,1,[等级14],[粉丝团 Lv1]
2026-05-16 21:08:56,1138694405504564,Ly李岩,粉丝团灯牌,1,1,[等级25],[粉丝团 Lv14]
2026-05-16 21:08:59,109228529653,幸福,小心心,1,1,[等级14],[粉丝团 Lv1]
2026-05-16 21:09:00,1081544884363656,张什么祥,粉丝团灯牌,1,1,[等级6],[粉丝团 Lv5]
2026-05-16 21:09:05,3707188871966251,想,粉丝团灯牌,1,1,[等级11],[粉丝团 Lv10]
2026-05-16 21:09:06,95960481091,袁源园媛圆,粉丝团灯牌,1,1,[等级23],[粉丝团 Lv12]
2026-05-16 21:09:08,104820153522,忐忑,玫瑰,1,1,[等级23],[粉丝团 Lv8]
2026-05-16 21:09:11,104820153522,忐忑,玫瑰,1,1,[等级23],[粉丝团 Lv8]
2026-05-16 21:09:11,62649725738,锦鲤︑yc ᰔᩚ,点亮粉丝团,1,1,[等级19],[粉丝团 Lv8]
2026-05-16 21:09:13,3016674352575863,沉默,点亮粉丝团,1,1,[等级4],[粉丝团 Lv7]
2026-05-16 21:09:15,62649725738,锦鲤︑yc ᰔᩚ,点亮粉丝团,1,1,[等级19],[粉丝团 Lv8]
2026-05-16 21:09:15,3016674352575863,沉默,点亮粉丝团,1,1,[等级4],[粉丝团 Lv7]
2026-05-16 21:09:20,2507357575194375,ᝰꫛ归零ꫀꪝ,粉丝团灯牌,1,1,[等级28],[粉丝团 Lv11]
2026-05-16 21:09:21,321478466214200,婳大饼,粉丝团灯牌,1,1,[等级12],[粉丝团 Lv9]
2026-05-16 21:09:26,3016674352575863,沉默,粉丝团灯牌,1,1,[等级4],[粉丝团 Lv7]
2026-05-16 21:09:28,111193199248,虎,粉丝团灯牌,1,1,[等级36],[粉丝团 Lv16]
2026-05-16 21:09:33,111548021631,啊噗噗噗,粉丝团灯牌,1,1,[等级13],[粉丝团 Lv11]
2026-05-16 21:09:33,2711870804344460,谨,粉丝团灯牌,1,1,[等级18],[粉丝团 Lv11]
2026-05-16 21:09:38,106073788932,落俗,入团卡,1,1,[等级35],
2026-05-16 21:09:41,3214594766286647,千杯风月醉,小心心,1,1,[等级12],[粉丝团 Lv10]
2026-05-16 21:09:41,106073788932,落俗,入团卡,1,1,[等级35],
2026-05-16 21:09:44,3214594766286647,千杯风月醉,小心心,1,1,[等级12],[粉丝团 Lv10]
2026-05-16 21:09:44,2819600011763367,嘦姕,粉丝团灯牌,1,1,[等级23],[粉丝团 Lv13]
2026-05-16 21:09:53,104176913996,潕名指的ヾ等彳寺,粉丝团灯牌,1,1,[等级28],[粉丝团 Lv12]
2026-05-16 21:09:54,3214594766286647,千杯风月醉,点亮粉丝团,1,1,[等级12],[粉丝团 Lv10]
2026-05-16 21:09:55,1355032536295860,大笨象会跳舞,粉丝团灯牌,1,1,[等级14],[粉丝团 Lv11]
2026-05-16 21:09:58,3214594766286647,千杯风月醉,点亮粉丝团,1,1,[等级12],[粉丝团 Lv10]
2026-05-16 21:09:58,69807281490,👑狮子座的男人♌️,点亮粉丝团,1,1,[等级11],[粉丝团 Lv10]
2026-05-16 21:10:00,100852848939,小张吃不饱,点亮粉丝团,1,9,[等级29],[粉丝团 Lv11]
2026-05-16 21:10:00,69807281490,👑狮子座的男人♌️,点亮粉丝团,1,1,[等级11],[粉丝团 Lv10]
2026-05-16 21:10:00,53478949389,孫大聖有点饿,粉丝团灯牌,1,1,[等级19],[粉丝团 Lv10]
2026-05-16 21:10:01,2559258277454052,超,大啤酒,1,2,[等级18],[粉丝团 Lv7]
2026-05-16 21:10:03,63941657918,三两☁️,粉丝团灯牌,1,1,[等级21],[粉丝团 Lv14]
2026-05-16 21:10:03,100852848939,小张吃不饱,点亮粉丝团,1,9,[等级29],[粉丝团 Lv11]
2026-05-16 21:10:04,100852848939,小张吃不饱,粉丝团灯牌,1,1,[等级29],[粉丝团 Lv11]
2026-05-16 21:10:04,2559258277454052,超,大啤酒,1,2,[等级18],[粉丝团 Lv7]
2026-05-16 21:10:05,2559258277454052,超,大啤酒,1,2,[等级18],[粉丝团 Lv7]
2026-05-16 21:10:09,2559258277454052,超,大啤酒,1,2,[等级18],[粉丝团 Lv7]
2026-05-16 21:10:13,99307256931,就看看,粉丝团灯牌,1,1,[等级27],[粉丝团 Lv15]
2026-05-16 21:10:13,4216002585306012,Huang 呦呦,粉丝团灯牌,1,1,[等级12],[粉丝团 Lv11]
2026-05-16 21:10:14,4442453646785180,俙夜,粉丝团灯牌,1,1,[等级22],[粉丝团 Lv12]
2026-05-16 21:10:19,106235470936,for youth,粉丝团灯牌,1,1,[等级27],[粉丝团 Lv12]
2026-05-16 21:10:20,52041190738,晚风丶,粉丝团灯牌,1,1,[等级32],[粉丝团 Lv12]
2026-05-16 21:10:21,440224763922766,Sunny`,点亮粉丝团,1,1,[等级12],[粉丝团 Lv9]
2026-05-16 21:10:23,1987506198559598,岁岁年ༀ,粉丝团灯牌,1,1,[等级14],[粉丝团 Lv14]
2026-05-16 21:10:23,92020883096,🌸木,粉丝团灯牌,1,1,[等级18],[粉丝团 Lv12]
2026-05-16 21:10:24,3993051878923175,屿安,粉丝团灯牌,1,1,[等级39],[粉丝团 Lv11]
2026-05-16 21:10:24,2884756895967143,烟☆火,粉丝团灯牌,1,1,[等级11],[粉丝团 Lv12]
2026-05-16 21:10:24,440224763922766,Sunny`,点亮粉丝团,1,1,[等级12],[粉丝团 Lv9]
2026-05-16 21:10:25,97135894700,飞哥与佛,粉丝团灯牌,1,1,[等级40],[粉丝团 Lv11]
2026-05-16 21:10:32,1550740487148237,大鸡腿帲儿,粉丝团灯牌,1,1,[等级20],[粉丝团 Lv14]
2026-05-16 21:10:32,2831974743942916,2.23,粉丝团灯牌,1,1,[等级30],[粉丝团 Lv15]
2026-05-16 21:10:34,96854210931,木木²⁰²⁶,粉丝团灯牌,1,1,[等级19],[粉丝团 Lv14]
2026-05-16 21:10:36,2963883271135951,小蘇（su）.🐱,粉丝团灯牌,1,1,[等级24],[粉丝团 Lv15]
2026-05-16 21:10:39,545803996235598,十一..,点亮粉丝团,1,1,[等级14],[粉丝团 Lv6]
2026-05-16 21:10:40,96995342407,YY.,粉丝团灯牌,1,1,[等级21],[粉丝团 Lv11]
2026-05-16 21:10:40,70398644609,洪✨★ooO,人气票,1,1,[等级16],[粉丝团 Lv12]
2026-05-16 21:10:41,65972743228,快乐,玫瑰,1,1,[等级11],[粉丝团 Lv11]
2026-05-16 21:10:42,545803996235598,十一..,点亮粉丝团,1,1,[等级14],[粉丝团 Lv6]
2026-05-16 21:10:42,545803996235598,十一..,粉丝团灯牌,1,1,[等级14],[粉丝团 Lv6]
2026-05-16 21:10:42,1731069114333524,长安,粉丝团灯牌,1,1,[等级7],[粉丝团 Lv2]
2026-05-16 21:10:44,70398644609,洪✨★ooO,人气票,1,1,[等级16],[粉丝团 Lv12]
2026-05-16 21:10:44,65972743228,快乐,玫瑰,1,1,[等级11],[粉丝团 Lv11]
2026-05-16 21:10:47,3021086214331399,昊悦,粉丝团灯牌,1,1,[等级27],[粉丝团 Lv10]
2026-05-16 21:10:48,7492827239823213626,诗与远方,粉丝团灯牌,1,1,[等级1],[粉丝团 Lv2]
2026-05-16 21:10:51,93608520727,喝珍珠奶茶吗,点亮粉丝团,1,1,[等级9],[粉丝团 Lv8]
2026-05-16 21:10:52,108633623239,空心树,小心心,1,1,[等级12],
2026-05-16 21:10:54,93608520727,喝珍珠奶茶吗,点亮粉丝团,1,1,[等级9],[粉丝团 Lv8]
2026-05-16 21:10:56,108633623239,空心树,小心心,1,1,[等级12],
2026-05-16 21:11:00,2286621428825912,&浮$尘&,粉丝团灯牌,1,1,[等级39],[粉丝团 Lv9]
2026-05-16 21:11:00,107907851234,一根稻草,粉丝团灯牌,1,1,[等级11],[粉丝团 Lv11]
2026-05-16 21:11:02,90579072720375,安然ゞ,粉丝团灯牌,1,1,[等级2],[粉丝团 Lv3]
2026-05-16 21:11:02,93608520727,喝珍珠奶茶吗,粉丝团灯牌,1,1,[等级9],[粉丝团 Lv8]
2026-05-16 21:11:02,100348747987,ᴍᴏᴏɴ•洋洋 🌙,点亮粉丝团,1,1,[等级22],[粉丝团 Lv10]
2026-05-16 21:11:02,1767641534445556,鲸落,点亮粉丝团,1,1,[等级11],[粉丝团 Lv2]
2026-05-16 21:11:04,2858360584547902,0077,你最好看,1,2,[等级18],[粉丝团 Lv10]
2026-05-16 21:11:04,72334316772,Qi～,人气票,1,1,[等级5],[粉丝团 Lv3]
2026-05-16 21:11:05,100348747987,ᴍᴏᴏɴ•洋洋 🌙,点亮粉丝团,1,1,[等级22],[粉丝团 Lv10]
2026-05-16 21:11:06,1767641534445556,鲸落,点亮粉丝团,1,1,[等级11],[粉丝团 Lv2]
2026-05-16 21:11:06,2858360584547902,0077,你最好看,1,2,[等级18],[粉丝团 Lv10]
2026-05-16 21:11:07,72334316772,Qi～,人气票,1,1,[等级5],[粉丝团 Lv3]
2026-05-16 21:11:12,69073594865,iPhone、7ྀི,点亮粉丝团,1,1,[等级28],[粉丝团 Lv9]
2026-05-16 21:11:14,72334316772,Qi～,点亮粉丝团,1,1,[等级5],[粉丝团 Lv3]
2026-05-16 21:11:14,69073594865,iPhone、7ྀི,点亮粉丝团,1,1,[等级28],[粉丝团 Lv9]
2026-05-16 21:11:15,103665878737,O,粉丝团灯牌,1,1,[等级26],[粉丝团 Lv13]
2026-05-16 21:11:16,94584214626,凡人,玫瑰,1,1,[等级17],
2026-05-16 21:11:17,61555107219,游夏,点亮粉丝团,1,1,[等级20],[粉丝团 Lv4]
2026-05-16 21:11:17,72334316772,Qi～,点亮粉丝团,1,1,[等级5],[粉丝团 Lv3]
2026-05-16 21:11:18,88635194436,开始的开始,粉丝团灯牌,1,1,[等级16],[粉丝团 Lv14]
2026-05-16 21:11:18,94584214626,凡人,玫瑰,1,1,[等级17],
2026-05-16 21:11:19,61555107219,游夏,粉丝团灯牌,1,1,[等级20],[粉丝团 Lv4]
2026-05-16 21:11:19,61555107219,游夏,点亮粉丝团,1,1,[等级20],[粉丝团 Lv4]
2026-05-16 21:11:19,72334316772,Qi～,粉丝团灯牌,1,1,[等级6],[粉丝团 Lv3]
2026-05-16 21:11:22,87915008150,9c·,粉丝团灯牌,1,1,[等级24],[粉丝团 Lv12]
2026-05-16 21:11:24,98747859708,Mr.ma,点亮粉丝团,1,1,[等级16],[粉丝团 Lv10]
2026-05-16 21:11:24,140329872795150,Lಣ娜呦呦·ᰔᩚ,点亮粉丝团,1,1,[等级15],[粉丝团 Lv4]
2026-05-16 21:11:25,1469411686621416,退堂鼓艺术家ღ,粉丝团灯牌,1,1,[等级30],[粉丝团 Lv15]
2026-05-16 21:11:27,140329872795150,Lಣ娜呦呦·ᰔᩚ,点亮粉丝团,1,1,[等级15],[粉丝团 Lv4]
2026-05-16 21:11:27,98747859708,Mr.ma,点亮粉丝团,1,1,[等级16],[粉丝团 Lv10]
2026-05-16 21:11:32,61201252870,晚风.,粉丝团灯牌,1,1,[等级9],[粉丝团 Lv5]
2026-05-16 21:11:35,101719705845,🌴 龙  龙,粉丝团灯牌,1,1,[等级8],[粉丝团 Lv10]
2026-05-16 21:11:35,61305168809,腿腿,粉丝团灯牌,1,1,[等级18],[粉丝团 Lv12]
2026-05-16 21:11:40,61167050691037,哦豁,粉丝团灯牌,1,1,[等级24],[粉丝团 Lv13]
2026-05-16 21:11:40,61180465523,。。！,粉丝团灯牌,1,1,[等级15],[粉丝团 Lv11]
2026-05-16 21:11:42,72334316772,Qi～,人气票,1,1,[等级6],[粉丝团 Lv3]
2026-05-16 21:11:45,72334316772,Qi～,人气票,1,1,[等级6],[粉丝团 Lv3]
2026-05-16 21:11:46,1591733402745645,孤注一掷,点亮粉丝团,1,1,[等级15],[粉丝团 Lv10]
2026-05-16 21:11:47,67947808258,𝙎·𝙅𝙖𝙣³⁰ 𝘼𝙦𝙪 ✧,点亮粉丝团,1,1,[等级20],[粉丝团 Lv10]
2026-05-16 21:11:49,97893281565,灬优梦、,粉丝团灯牌,1,1,[等级12],[粉丝团 Lv8]
2026-05-16 21:11:49,1591733402745645,孤注一掷,点亮粉丝团,1,1,[等级15],[粉丝团 Lv10]
2026-05-16 21:11:49,828370055079284,借钱拉黑,小心心,1,1,[等级4],
2026-05-16 21:11:49,67947808258,𝙎·𝙅𝙖𝙣³⁰ 𝘼𝙦𝙪 ✧,点亮粉丝团,1,1,[等级20],[粉丝团 Lv10]
2026-05-16 21:11:50,67947808258,𝙎·𝙅𝙖𝙣³⁰ 𝘼𝙦𝙪 ✧,粉丝团灯牌,1,1,[等级20],[粉丝团 Lv10]
2026-05-16 21:11:51,105684905094,五哥,粉丝团灯牌,1,1,[等级24],[粉丝团 Lv13]
2026-05-16 21:11:53,828370055079284,借钱拉黑,小心心,1,1,[等级4],
2026-05-16 21:12:02,67040147601,yXd－№枫,粉丝团灯牌,1,1,[等级14],[粉丝团 Lv9]
2026-05-16 21:12:03,105008108837,辻弍,点亮粉丝团,1,9,[等级13],[粉丝团 Lv11]
2026-05-16 21:12:04,1865210237849252,小乖ღ³,粉丝团灯牌,1,1,[等级24],[粉丝团 Lv12]
2026-05-16 21:12:04,110474283704,看星星眨眼睛,粉丝团灯牌,1,1,[等级12],[粉丝团 Lv5]
2026-05-16 21:12:07,105008108837,辻弍,点亮粉丝团,1,9,[等级13],[粉丝团 Lv11]
2026-05-16 21:12:07,59696399335,人间边客,粉丝团灯牌,1,1,[等级12],[粉丝团 Lv10]
2026-05-16 21:12:08,99256291375,土豆炒洋芋,点亮粉丝团,1,1,[等级23],[粉丝团 Lv8]
2026-05-16 21:12:11,92004682304468,退堂鼓艺术家ゞ,粉丝团灯牌,1,1,[等级19],[粉丝团 Lv14]
2026-05-16 21:12:11,99256291375,土豆炒洋芋,点亮粉丝团,1,1,[等级23],[粉丝团 Lv8]
2026-05-16 21:12:11,99256291375,土豆炒洋芋,粉丝团灯牌,1,1,[等级23],[粉丝团 Lv8]
2026-05-16 21:12:11,1367446992715943,掂过碌蔗,粉丝团灯牌,1,1,[等级14],[粉丝团 Lv12]
2026-05-16 21:12:13,1943535693073860,我怎么哭了呢,粉丝团灯牌,1,1,[等级19],[粉丝团 Lv11]
2026-05-16 21:12:17,111167249834,自强的灰太狼,粉丝团灯牌,1,1,[等级13],[粉丝团 Lv12]
2026-05-16 21:12:18,71048687138,^O^微ོོൢღ凉ོོൢ͜,粉丝团灯牌,1,1,[等级21],[粉丝团 Lv11]
2026-05-16 21:12:19,91686492832,恩恩,粉丝团灯牌,1,1,[等级9],[粉丝团 Lv9]
2026-05-16 21:12:19,68153231443,小老虎,粉丝团灯牌,1,1,[等级20],[粉丝团 Lv10]
2026-05-16 21:12:34,66775839123,Lucky Lik,粉丝团灯牌,1,1,[等级24],[粉丝团 Lv12]
2026-05-16 21:12:34,60993121321,现在就发财,点亮粉丝团,1,1,[等级10],[粉丝团 Lv7]
2026-05-16 21:12:36,4177795642034311,菏泽梦阳房产,粉丝团灯牌,1,1,[等级28],[粉丝团 Lv8]
2026-05-16 21:12:36,109542013259,.,点亮粉丝团,1,1,[等级8],[粉丝团 Lv9]
2026-05-16 21:12:36,111120665619,乄乂,粉丝团灯牌,1,1,[等级20],[粉丝团 Lv12]
2026-05-16 21:12:36,60919482408,太极老朋友∞姜真仁☯️,点亮粉丝团,1,9,[等级27],[粉丝团 Lv11]
2026-05-16 21:12:36,237088232449438,醉仙灵芙🌿,粉丝团灯牌,1,1,[等级9],[粉丝团 Lv10]
2026-05-16 21:12:37,100266390715,༺胡歌༻,粉丝团灯牌,1,1,[等级24],[粉丝团 Lv10]
2026-05-16 21:12:37,60993121321,现在就发财,点亮粉丝团,1,1,[等级10],[粉丝团 Lv7]
2026-05-16 21:12:39,92616925981,李度春风,粉丝团灯牌,1,1,[等级25],[粉丝团 Lv13]
2026-05-16 21:12:39,109542013259,.,点亮粉丝团,1,1,[等级8],[粉丝团 Lv9]
2026-05-16 21:12:39,60919482408,太极老朋友∞姜真仁☯️,粉丝团灯牌,1,1,[等级27],[粉丝团 Lv11]
2026-05-16 21:12:39,60919482408,太极老朋友∞姜真仁☯️,点亮粉丝团,1,9,[等级27],[粉丝团 Lv11]
2026-05-16 21:12:40,1438583935209143,遗忘的回忆,闪烁星河,1,1,[等级25],[粉丝团:张君雅 Lv9]
2026-05-16 21:12:41,71065622521,J·ᰔᩚlᐝ🦩,粉丝团灯牌,1,1,[等级11],[粉丝团 Lv7]
2026-05-16 21:12:43,108855445506,Ther゛,点亮粉丝团,1,1,[等级9],[粉丝团 Lv3]
2026-05-16 21:12:46,104153869756,疯,粉丝团灯牌,1,1,[等级32],[粉丝团 Lv13]
2026-05-16 21:12:46,95357029848,有点甜,粉丝团灯牌,1,1,[等级13],[粉丝团 Lv10]
2026-05-16 21:12:46,108855445506,Ther゛,点亮粉丝团,1,1,[等级9],[粉丝团 Lv3]
2026-05-16 21:12:48,848461262236708,肆季、,点亮粉丝团,1,1,[等级34],[粉丝团 Lv8]
2026-05-16 21:12:49,1207714322581235,心情无悔(路过的),点亮粉丝团,1,1,[等级20],[粉丝团 Lv10]
2026-05-16 21:12:49,83457541066,Fɪɴᴅ ᴛɪᴍᴇ.,点亮粉丝团,1,1,[等级12],[粉丝团 Lv2]
2026-05-16 21:12:50,848461262236708,肆季、,点亮粉丝团,1,1,[等级34],[粉丝团 Lv8]
2026-05-16 21:12:51,848461262236708,肆季、,粉丝团灯牌,1,1,[等级34],[粉丝团 Lv8]
2026-05-16 21:12:52,83457541066,Fɪɴᴅ ᴛɪᴍᴇ.,点亮粉丝团,1,1,[等级12],[粉丝团 Lv2]
2026-05-16 21:12:52,1207714322581235,心情无悔(路过的),点亮粉丝团,1,1,[等级20],[粉丝团 Lv10]
2026-05-16 21:12:52,1207714322581235,心情无悔(路过的),粉丝团灯牌,1,1,[等级20],[粉丝团 Lv10]
2026-05-16 21:12:54,86206876120,马哥🇨🇳,点亮粉丝团,1,1,[等级13],[粉丝团 Lv10]
2026-05-16 21:12:55,80183204589,陌念念,粉丝团灯牌,1,1,[等级18],[粉丝团 Lv10]
2026-05-16 21:12:55,100044676422,heart break,粉丝团灯牌,1,1,[等级30],[粉丝团 Lv10]
2026-05-16 21:12:56,86206876120,马哥🇨🇳,点亮粉丝团,1,1,[等级13],[粉丝团 Lv10]
2026-05-16 21:12:59,61610011475,晨曦,粉丝团灯牌,1,1,[等级16],[粉丝团 Lv15]
2026-05-16 21:13:01,110310097729,乖乖,你最好看,1,2,[等级23],[粉丝团 Lv12]
2026-05-16 21:13:04,85614222860,0314.c,粉丝团灯牌,1,1,[等级19],[粉丝团 Lv4]
2026-05-16 21:13:04,110310097729,乖乖,你最好看,1,2,[等级23],[粉丝团 Lv12]
2026-05-16 21:13:06,118343497691380,卡布叻_柏楠,粉丝团灯牌,1,1,[等级13],[粉丝团 Lv7]
2026-05-16 21:13:07,103282695887,锐雯的断刀,粉丝团灯牌,1,1,[等级25],[粉丝团 Lv10]
2026-05-16 21:13:07,96701139432,林渡,粉丝团灯牌,1,1,[等级13],[粉丝团 Lv13]
2026-05-16 21:13:07,94922124923,奥特曼（变美版）,给你宠爱,1,800,[等级33],[粉丝团:张君雅 Lv11]
2026-05-16 21:13:08,2348153051548755,贱东,粉丝团灯牌,1,1,[等级37],[粉丝团 Lv10]
2026-05-16 21:13:09,110910328207,啊荣,粉丝团灯牌,1,1,[等级21],[粉丝团 Lv11]
2026-05-16 21:13:12,1207714322581235,心情无悔(路过的),人气票,1,1,[等级20],[粉丝团 Lv10]
2026-05-16 21:13:12,106576197876,迎风踏浪,点亮粉丝团,1,1,[等级16],[粉丝团 Lv9]
2026-05-16 21:13:14,98906365232,魏冬,粉丝团灯牌,1,1,[等级23],[粉丝团 Lv8]
2026-05-16 21:13:15,106576197876,迎风踏浪,点亮粉丝团,1,1,[等级16],[粉丝团 Lv9]
2026-05-16 21:13:15,1207714322581235,心情无悔(路过的),人气票,1,1,[等级20],[粉丝团 Lv10]
2026-05-16 21:13:15,91609062591,久久💞ــــﮩﮩ٨,粉丝团灯牌,1,1,[等级35],[粉丝团 Lv15]
2026-05-16 21:13:18,3326681728,思宝好困💤,粉丝团灯牌,1,1,[等级22],[粉丝团 Lv8]
2026-05-16 21:13:18,2043323483425358,。，。，,粉丝团灯牌,1,1,[等级15],[粉丝团 Lv11]
2026-05-16 21:13:32,86206876120,马哥🇨🇳,粉丝团灯牌,1,1,[等级13],[粉丝团 Lv10]
2026-05-16 21:13:32,106576197876,迎风踏浪,粉丝团灯牌,1,1,[等级16],[粉丝团 Lv9]
2026-05-16 21:13:42,100447994220,李永利,小心心,1,1,[等级9],[粉丝团 Lv4]
2026-05-16 21:13:42,2075525160114912,琪炒哥（非物质文化遗产第十三代传人）,粉丝团灯牌,1,1,[等级21],[粉丝团 Lv10]
2026-05-16 21:13:45,3491664038206936,一生何求………,粉丝团灯牌,1,1,[等级18],[粉丝团 Lv12]
2026-05-16 21:13:45,100447994220,李永利,小心心,1,1,[等级9],[粉丝团 Lv4]
2026-05-16 21:13:55,3184606918752144,至于,点亮粉丝团,1,1,[等级18],[粉丝团 Lv3]
2026-05-16 21:13:58,95552135049,RSZX,点亮粉丝团,1,1,[等级12],[粉丝团 Lv10]
2026-05-16 21:13:58,3184606918752144,至于,点亮粉丝团,1,1,[等级18],[粉丝团 Lv3]
2026-05-16 21:14:01,94739139824,A^_~,你最好看,1,2,[等级4],
2026-05-16 21:14:01,95552135049,RSZX,点亮粉丝团,1,1,[等级12],[粉丝团 Lv10]
2026-05-16 21:14:04,94739139824,A^_~,你最好看,1,2,[等级4],
2026-05-16 21:14:10,94739139824,A^_~,你最好看,1,2,[等级5],
2026-05-16 21:14:12,61845975111,23123,粉丝团灯牌,1,1,[等级27],[粉丝团 Lv10]
2026-05-16 21:14:13,94739139824,A^_~,你最好看,1,2,[等级5],
2026-05-16 21:14:20,22077196930,王豆豆🧚🏻‍♀️,粉丝团灯牌,1,1,[等级9],[粉丝团 Lv10]
2026-05-16 21:14:25,2341311272990272,泪诉、,粉丝团灯牌,1,1,[等级7],[粉丝团 Lv9]
2026-05-16 21:14:28,2334957579812151,张根568,粉丝团灯牌,1,1,[等级10],[粉丝团 Lv10]
2026-05-16 21:14:30,1920187492740990,一冉,点亮粉丝团,1,1,[等级20],[粉丝团 Lv4]
2026-05-16 21:14:30,60996318338,Dear-娇娇x,粉丝团灯牌,1,1,[等级31],[粉丝团 Lv15]
2026-05-16 21:14:33,1920187492740990,一冉,点亮粉丝团,1,1,[等级20],[粉丝团 Lv4]
2026-05-16 21:14:34,1332262262282654,旷野豪情,点亮粉丝团,1,9,[等级28],[粉丝团 Lv15]
2026-05-16 21:14:34,57736761693,忕佪灬,粉丝团灯牌,1,1,[等级24],[粉丝团 Lv10]
2026-05-16 21:14:37,1332262262282654,旷野豪情,点亮粉丝团,1,9,[等级28],[粉丝团 Lv15]
2026-05-16 21:14:38,101902188020,枫浊异客,粉丝团灯牌,1,1,[等级27],[粉丝团 Lv12]
2026-05-16 21:14:38,98839716639,师兄,给你宠爱,1,800,[等级32],[粉丝团 Lv4]
2026-05-16 21:14:39,59300223467,榴莲毛巾卷,粉丝团灯牌,1,1,[等级29],[粉丝团 Lv11]
2026-05-16 21:14:44,2313002745869431,🌈霍奇猜想¹²⁰⁸♥,520快乐,1,1,[等级28],[粉丝团 Lv15]
2026-05-16 21:14:45,2313002745869431,🌈霍奇猜想¹²⁰⁸♥,520快乐,2,2,[等级28],[粉丝团 Lv15]
2026-05-16 21:14:45,2313002745869431,🌈霍奇猜想¹²⁰⁸♥,520快乐,3,3,[等级28],[粉丝团 Lv15]
2026-05-16 21:14:47,97313024466,......,粉丝团灯牌,1,1,[等级38],[粉丝团 Lv8]
2026-05-16 21:14:48,2313002745869431,🌈霍奇猜想¹²⁰⁸♥,520快乐,3,3,[等级28],[粉丝团 Lv15]
2026-05-16 21:14:50,94739139824,A^_~,你最好看,1,2,[等级5],
2026-05-16 21:14:53,94739139824,A^_~,你最好看,1,2,[等级5],
2026-05-16 21:14:55,2541711077421758,🌈蜡笔小新,粉丝团灯牌,1,1,[等级31],[粉丝团 Lv10]
2026-05-16 21:14:55,101344084471,黄先生👨‍🏫,粉丝团灯牌,1,1,[等级18],[粉丝团 Lv4]
2026-05-16 21:14:56,83826979966,🌈麦兜🌈,粉丝团灯牌,1,1,[等级12],[粉丝团 Lv11]
2026-05-16 21:14:57,104961572826,啥啥啥,点亮粉丝团,1,1,[等级13],[粉丝团 Lv2]
2026-05-16 21:14:58,73294343249,♚ ₯㎕。Smile°,粉丝团灯牌,1,1,[等级14],[粉丝团 Lv6]
2026-05-16 21:14:59,3021064319277571,深街酒肆_♥,点亮粉丝团,1,1,[等级20],[粉丝团 Lv6]
2026-05-16 21:14:59,104961572826,啥啥啥,粉丝团灯牌,1,1,[等级13],[粉丝团 Lv2]
2026-05-16 21:14:59,104961572826,啥啥啥,点亮粉丝团,1,1,[等级13],[粉丝团 Lv2]
2026-05-16 21:15:02,3021064319277571,深街酒肆_♥,点亮粉丝团,1,1,[等级20],[粉丝团 Lv6]
2026-05-16 21:15:02,2417179255376235,芯头柚哈树,你最好看,1,2,[等级2],
2026-05-16 21:15:02,1662084353110448,清君侧,粉丝团灯牌,1,1,[等级9],[粉丝团 Lv8]
2026-05-16 21:15:03,519437177339150,人间过客^O^,点亮粉丝团,1,1,[等级16],[粉丝团 Lv9]
2026-05-16 21:15:05,2417179255376235,芯头柚哈树,你最好看,1,2,[等级2],
2026-05-16 21:15:05,61022739748,大树来途,大啤酒,1,2,[等级21],[粉丝团 Lv12]
2026-05-16 21:15:06,519437177339150,人间过客^O^,点亮粉丝团,1,1,[等级16],[粉丝团 Lv9]
2026-05-16 21:15:14,80986597858,〆Y-wy闫小一😘,粉丝团灯牌,1,1,[等级34],[粉丝团 Lv8]
2026-05-16 21:15:16,78749851425,DY.DN,粉丝团灯牌,1,1,[等级18],[粉丝团 Lv9]
2026-05-16 21:15:17,67356916764,I Do,粉丝团灯牌,1,1,[等级30],[粉丝团 Lv15]
2026-05-16 21:15:19,68270825715,等.,粉丝团灯牌,1,1,[等级13],[粉丝团 Lv9]
2026-05-16 21:15:20,8395632158909,郭叔,大啤酒,1,2,[等级9],[粉丝团 Lv8]
2026-05-16 21:15:23,8395632158909,郭叔,大啤酒,1,2,[等级9],[粉丝团 Lv8]
2026-05-16 21:15:23,2930619501257849,用户8158306166081,小心心,1,1,,
2026-05-16 21:15:26,98602583690,🇨🇳天蝎🏀,粉丝团灯牌,1,1,[等级17],[粉丝团 Lv13]
2026-05-16 21:15:26,2930619501257849,用户8158306166081,小心心,1,1,,
2026-05-16 21:15:27,4354505322529453,Tel丶阳光^O^,点亮粉丝团,1,1,[等级33],[粉丝团 Lv6]
2026-05-16 21:15:27,4354505322529453,Tel丶阳光^O^,粉丝团灯牌,1,1,[等级33],[粉丝团 Lv7]
2026-05-16 21:15:27,4354505322529453,Tel丶阳光^O^,点亮粉丝团,1,1,[等级33],[粉丝团 Lv6]
2026-05-16 21:15:29,3103292783856507,海哥,粉丝团灯牌,1,1,[等级14],[粉丝团 Lv10]
2026-05-16 21:15:41,8395632158909,郭叔,人气票,1,1,[等级9],[粉丝团 Lv8]
2026-05-16 21:15:42,62581428479,刷子,粉丝团灯牌,1,1,[等级31],[粉丝团 Lv13]
2026-05-16 21:15:43,95718368471,无言的秋,粉丝团灯牌,1,1,[等级20],[粉丝团 Lv11]
2026-05-16 21:15:43,8395632158909,郭叔,人气票,1,1,[等级9],[粉丝团 Lv8]
2026-05-16 21:15:45,567822895299640,催化加氢,小心心,1,1,[等级3],[粉丝团 Lv3]
2026-05-16 21:15:49,567822895299640,催化加氢,小心心,1,1,[等级3],[粉丝团 Lv3]
2026-05-16 21:15:49,281910859799629,@少爷,粉丝团灯牌,1,1,[等级10],[粉丝团 Lv9]
2026-05-16 21:15:52,567822895299640,催化加氢,点亮粉丝团,1,1,[等级3],[粉丝团 Lv3]
2026-05-16 21:15:56,567822895299640,催化加氢,点亮粉丝团,1,1,[等级3],[粉丝团 Lv3]
2026-05-16 21:16:04,63843530278,AD钙奶喝多了ꪔ̤̫,粉丝团灯牌,1,1,[等级13],[粉丝团 Lv11]
2026-05-16 21:16:08,6117719737,、努力吖～,粉丝团灯牌,1,1,[等级17],[粉丝团 Lv11]
2026-05-16 21:16:08,73625830353,S ฅฅ*³,粉丝团灯牌,1,1,[等级22],[粉丝团 Lv12]
2026-05-16 21:16:08,73746646628,。扳手扛西瓜,粉丝团灯牌,1,1,[等级18],[粉丝团 Lv12]
2026-05-16 21:16:08,444645947745374,全能兔,粉丝团灯牌,1,1,[等级24],[粉丝团 Lv11]
2026-05-16 21:16:11,1077155293827419,🦢小芹,粉丝团灯牌,1,1,[等级14],[粉丝团 Lv10]
2026-05-16 21:16:12,92616925981,李度春风,520助力票,1,9,[等级25],[粉丝团 Lv13]
2026-05-16 21:16:12,567822895299640,催化加氢,粉丝团灯牌,1,1,[等级4],[粉丝团 Lv3]
2026-05-16 21:16:15,92616925981,李度春风,520助力票,1,9,[等级25],[粉丝团 Lv13]
2026-05-16 21:16:16,71709776982,宝缘财旺,粉丝团灯牌,1,1,[等级20],[粉丝团 Lv11]
2026-05-16 21:16:20,52635523865,🌈心中有岸,粉丝团灯牌,1,1,[等级22],[粉丝团 Lv14]
2026-05-16 21:16:22,75300830217,小 胖 超,粉丝团灯牌,1,1,[等级14],[粉丝团 Lv13]
2026-05-16 21:16:24,99106545473,碧珍阁二当家,点亮粉丝团,1,1,[等级14],[粉丝团 Lv10]
2026-05-16 21:16:27,382239930071268,画酒,粉丝团灯牌,1,1,[等级31],[粉丝团 Lv5]
2026-05-16 21:16:28,99106545473,碧珍阁二当家,点亮粉丝团,1,1,[等级14],[粉丝团 Lv10]
2026-05-16 21:16:28,93034617203,快乐不缺席✨,点亮粉丝团,1,1,[等级29],[粉丝团 Lv7]
2026-05-16 21:16:30,395413818189133,🌈要好好哒,点亮粉丝团,1,1,[等级16],[粉丝团 Lv10]
2026-05-16 21:16:30,60451512154,Veronica L,粉丝团灯牌,1,1,[等级14],[粉丝团 Lv8]
2026-05-16 21:16:32,93034617203,快乐不缺席✨,点亮粉丝团,1,1,[等级29],[粉丝团 Lv7]
2026-05-16 21:16:32,100575119845,空空,粉丝团灯牌,1,1,[等级30],[粉丝团 Lv11]
2026-05-16 21:16:35,395413818189133,🌈要好好哒,点亮粉丝团,1,1,[等级16],[粉丝团 Lv10]
2026-05-16 21:16:35,92616925981,李度春风,小心心,1,1,[等级25],[粉丝团 Lv13]
2026-05-16 21:16:35,92616925981,李度春风,小心心,3,3,[等级25],[粉丝团 Lv13]
2026-05-16 21:16:35,395413818189133,🌈要好好哒,粉丝团灯牌,1,1,[等级16],[粉丝团 Lv10]
2026-05-16 21:16:35,92616925981,李度春风,小心心,4,4,[等级25],[粉丝团 Lv13]
2026-05-16 21:16:35,106729703660,💫布衣✨陳💦,点亮粉丝团,1,1,[等级13],[粉丝团 Lv7]
2026-05-16 21:16:35,92616925981,李度春风,小心心,5,5,[等级25],[粉丝团 Lv13]
2026-05-16 21:16:38,99106545473,碧珍阁二当家,粉丝团灯牌,1,1,[等级14],[粉丝团 Lv10]
2026-05-16 21:16:38,106729703660,💫布衣✨陳💦,点亮粉丝团,1,1,[等级13],[粉丝团 Lv7]
2026-05-16 21:16:38,92616925981,李度春风,小心心,5,5,[等级25],[粉丝团 Lv13]
2026-05-16 21:16:39,106729703660,💫布衣✨陳💦,粉丝团灯牌,1,1,[等级13],[粉丝团 Lv7]
2026-05-16 21:16:39,93034617203,快乐不缺席✨,粉丝团灯牌,1,1,[等级29],[粉丝团 Lv7]
2026-05-16 21:16:40,2401751244218680,w、,点亮粉丝团,1,1,[等级18],[粉丝团 Lv10]
2026-05-16 21:16:40,74814665529,玖玖寻风,粉丝团灯牌,1,1,[等级14],[粉丝团 Lv10]
2026-05-16 21:16:41,67867235062,用户095692,粉丝团灯牌,1,1,[等级15],[粉丝团 Lv12]
2026-05-16 21:16:43,71159195529,🧸🧸🧸,点亮粉丝团,1,1,[等级24],[粉丝团 Lv4]
2026-05-16 21:16:44,2401751244218680,w、,点亮粉丝团,1,1,[等级18],[粉丝团 Lv10]
2026-05-16 21:16:44,3963062721971543,普通用户,粉丝团灯牌,1,1,[等级27],[粉丝团 Lv15]
2026-05-16 21:16:45,83037877839,路灯下的影子,点亮粉丝团,1,1,[等级29],[粉丝团 Lv10]
2026-05-16 21:16:45,1427578915392024,朰,粉丝团灯牌,1,1,[等级14],[粉丝团 Lv11]
2026-05-16 21:16:46,71159195529,🧸🧸🧸,粉丝团灯牌,1,1,[等级24],[粉丝团 Lv4]
2026-05-16 21:16:46,71159195529,🧸🧸🧸,点亮粉丝团,1,1,[等级24],[粉丝团 Lv4]
2026-05-16 21:16:47,64806995026,栖居在深山²⁰⁰⁰,粉丝团灯牌,1,1,[等级23],[粉丝团 Lv8]
2026-05-16 21:16:48,83037877839,路灯下的影子,点亮粉丝团,1,1,[等级29],[粉丝团 Lv10]
2026-05-16 21:16:51,83037877839,路灯下的影子,粉丝团灯牌,1,1,[等级29],[粉丝团 Lv10]
2026-05-16 21:16:52,89862305397,最好的小金,520快乐,1,1,[等级21],[粉丝团 Lv5]
2026-05-16 21:16:52,97014579272,এ᭄独守一人心ོꦿ࿐,粉丝团灯牌,1,1,[等级24],[粉丝团 Lv11]
2026-05-16 21:16:54,89862305397,最好的小金,520快乐,1,1,[等级21],[粉丝团 Lv5]
2026-05-16 21:16:56,1947938441927918,怪兽,粉丝团灯牌,1,1,[等级15],[粉丝团 Lv13]
2026-05-16 21:17:02,93643661437,๑浮熙๑,点亮粉丝团,1,1,[等级26],[粉丝团 Lv6]
2026-05-16 21:17:02,79360655371,♪ D&d ♪,点亮粉丝团,1,1,[等级15],[粉丝团 Lv10]
2026-05-16 21:17:03,96696994740,杺¹⁹⁹⁶,粉丝团灯牌,1,1,[等级29],[粉丝团 Lv12]
2026-05-16 21:17:04,3353924256661852,εε昼星眠зз,小心心,1,1,[等级24],[粉丝团 Lv12]
2026-05-16 21:17:04,3353924256661852,εε昼星眠зз,小心心,3,3,[等级24],[粉丝团 Lv12]
2026-05-16 21:17:05,93643661437,๑浮熙๑,点亮粉丝团,1,1,[等级26],[粉丝团 Lv6]
2026-05-16 21:17:06,3353924256661852,εε昼星眠зз,小心心,4,4,[等级24],[粉丝团 Lv12]
2026-05-16 21:17:06,4019418501481128,"""Loveself""",粉丝团灯牌,1,1,[等级36],[粉丝团 Lv12]
2026-05-16 21:17:06,79360655371,♪ D&d ♪,点亮粉丝团,1,1,[等级15],[粉丝团 Lv10]
2026-05-16 21:17:06,3353924256661852,εε昼星眠зз,大啤酒,1,2,[等级24],[粉丝团 Lv12]
2026-05-16 21:17:06,3353924256661852,εε昼星眠зз,小心心,4,4,[等级24],[粉丝团 Lv12]
2026-05-16 21:17:06,70737077975,绝对ぺ緈福,人气票,1,1,[等级10],[粉丝团 Lv9]
2026-05-16 21:17:06,93643661437,๑浮熙๑,粉丝团灯牌,1,1,[等级26],[粉丝团 Lv6]
2026-05-16 21:17:06,3353924256661852,εε昼星眠зз,大啤酒,3,6,[等级24],[粉丝团 Lv12]
2026-05-16 21:17:07,3353924256661852,εε昼星眠зз,撩一下,1,19,[等级24],[粉丝团 Lv12]
2026-05-16 21:17:08,3353924256661852,εε昼星眠зз,大啤酒,3,6,[等级24],[粉丝团 Lv12]
2026-05-16 21:17:08,1293483307448312,序言页,点亮粉丝团,1,1,[等级6],[粉丝团 Lv7]
2026-05-16 21:17:09,111574193221,林包包,小心心,1,1,[等级11],[粉丝团 Lv7]
2026-05-16 21:17:10,70737077975,绝对ぺ緈福,人气票,1,1,[等级10],[粉丝团 Lv9]
2026-05-16 21:17:10,95471607359,斷&點,点亮粉丝团,1,1,[等级29],[粉丝团 Lv9]
2026-05-16 21:17:10,1293483307448312,序言页,点亮粉丝团,1,1,[等级6],[粉丝团 Lv7]
2026-05-16 21:17:10,92358212208,饮水思源,粉丝团灯牌,1,1,[等级17],[粉丝团 Lv13]
2026-05-16 21:17:10,3353924256661852,εε昼星眠зз,撩一下,1,19,[等级24],[粉丝团 Lv12]
2026-05-16 21:17:11,59808197055,莫名其妙享清福,小心心,1,1,[等级32],[粉丝团 Lv15]
2026-05-16 21:17:12,59808197055,莫名其妙享清福,小心心,3,3,[等级32],[粉丝团 Lv15]
2026-05-16 21:17:13,111574193221,林包包,小心心,1,1,[等级11],[粉丝团 Lv7]
2026-05-16 21:17:13,95471607359,斷&點,点亮粉丝团,1,1,[等级29],[粉丝团 Lv9]
2026-05-16 21:17:13,59808197055,莫名其妙享清福,大啤酒,1,2,[等级32],[粉丝团 Lv15]
2026-05-16 21:17:13,59808197055,莫名其妙享清福,小心心,3,3,[等级32],[粉丝团 Lv15]
2026-05-16 21:17:14,59808197055,莫名其妙享清福,为你闪耀,1,9,[等级32],[粉丝团 Lv15]
2026-05-16 21:17:14,59808197055,莫名其妙享清福,大啤酒,1,2,[等级32],[粉丝团 Lv15]
2026-05-16 21:17:16,68689644015,无边界.🎀,点亮粉丝团,1,1,[等级14],[粉丝团 Lv10]
2026-05-16 21:17:17,59808197055,莫名其妙享清福,为你闪耀,1,9,[等级32],[粉丝团 Lv15]
2026-05-16 21:17:18,95947017175,稳重大蜀黍,点亮粉丝团,1,1,[等级32],[粉丝团 Lv2]
2026-05-16 21:17:20,68689644015,无边界.🎀,点亮粉丝团,1,1,[等级14],[粉丝团 Lv10]
2026-05-16 21:17:21,95947017175,稳重大蜀黍,点亮粉丝团,1,1,[等级32],[粉丝团 Lv2]
2026-05-16 21:17:22,111574193221,林包包,小心心,1,1,[等级11],[粉丝团 Lv7]
2026-05-16 21:17:22,2623882548220616,认真,粉丝团灯牌,1,1,[等级25],[粉丝团 Lv10]
2026-05-16 21:17:23,92598988914,浅笑不语。,点亮粉丝团,1,1,[等级16],[粉丝团 Lv8]
2026-05-16 21:17:25,1917972871656654,🌈玉兔专属兔子窝,人气票,1,1,[等级11],[粉丝团 Lv4]
2026-05-16 21:17:25,111574193221,林包包,小心心,1,1,[等级11],[粉丝团 Lv7]
2026-05-16 21:17:26,92598988914,浅笑不语。,点亮粉丝团,1,1,[等级16],[粉丝团 Lv8]
2026-05-16 21:17:26,80713123424,是铜钱，金宝，核桃，钢镚的喵主子呀～～～,点亮粉丝团,1,1,[等级14],[粉丝团 Lv10]
2026-05-16 21:17:27,92598988914,浅笑不语。,粉丝团灯牌,1,1,[等级16],[粉丝团 Lv8]
2026-05-16 21:17:28,1917972871656654,🌈玉兔专属兔子窝,人气票,1,1,[等级11],[粉丝团 Lv4]
2026-05-16 21:17:29,80713123424,是铜钱，金宝，核桃，钢镚的喵主子呀～～～,点亮粉丝团,1,1,[等级14],[粉丝团 Lv10]
2026-05-16 21:17:33,88427980807,Z☡zᶻq,粉丝团灯牌,1,1,[等级12],[粉丝团 Lv8]
2026-05-16 21:17:36,2686823707719107,@斌,粉丝团灯牌,1,1,[等级11],[粉丝团 Lv12]
2026-05-16 21:17:37,69654624609,温棪,倾心于你,1,1888,[等级30],[粉丝团:张君雅 Lv14]
2026-05-16 21:17:40,65318692375,似水流年,粉丝团灯牌,1,1,[等级18],[粉丝团 Lv13]
2026-05-16 21:17:44,2428141716642744,落泪的尘埃,粉丝团灯牌,1,1,[等级10],[粉丝团 Lv9]
2026-05-16 21:17:45,111574193221,林包包,点亮粉丝团,1,1,[等级11],[粉丝团 Lv7]
2026-05-16 21:17:47,64695498759,🌈.玖月,粉丝团灯牌,1,1,[等级31],[粉丝团 Lv12]
2026-05-16 21:17:49,111574193221,林包包,点亮粉丝团,1,1,[等级11],[粉丝团 Lv7]
2026-05-16 21:17:49,2395184081945055,忙里偷闲⁵¹⁰⁷⁴,小心心,1,1,[等级29],[粉丝团 Lv15]
2026-05-16 21:17:52,2395184081945055,忙里偷闲⁵¹⁰⁷⁴,小心心,1,1,[等级29],[粉丝团 Lv15]
2026-05-16 21:17:56,532640847891816,666姐鸟都不鸟你,点亮粉丝团,1,1,[等级10],[粉丝团 Lv3]
2026-05-16 21:17:56,100070850906,༆艳兰༊,点亮粉丝团,1,9,[等级15],[粉丝团 Lv11]
2026-05-16 21:17:56,97409001842,取个名字郝囡🐳,粉丝团灯牌,1,1,[等级29],[粉丝团 Lv10]
2026-05-16 21:17:57,3347394361297940,橙味奶祺🍫,粉丝团灯牌,1,1,[等级19],[粉丝团 Lv8]
2026-05-16 21:17:59,532640847891816,666姐鸟都不鸟你,点亮粉丝团,1,1,[等级10],[粉丝团 Lv3]
2026-05-16 21:17:59,100070850906,༆艳兰༊,点亮粉丝团,1,9,[等级15],[粉丝团 Lv11]
2026-05-16 21:18:02,94739139824,A^_~,你最好看,1,2,[等级5],
2026-05-16 21:18:03,532640847891816,666姐鸟都不鸟你,粉丝团灯牌,1,1,[等级10],[粉丝团 Lv3]
2026-05-16 21:18:05,94739139824,A^_~,你最好看,1,2,[等级5],
2026-05-16 21:18:05,7463516663119283262,咋,点亮粉丝团,1,1,[等级8],[粉丝团 Lv10]
2026-05-16 21:18:06,3778387226923508,八九不理,点亮粉丝团,1,1,[等级19],[粉丝团 Lv9]
2026-05-16 21:18:07,74830766149,blingbling吖,粉丝团灯牌,1,1,[等级23],[粉丝团 Lv12]
2026-05-16 21:18:08,7463516663119283262,咋,点亮粉丝团,1,1,[等级8],[粉丝团 Lv10]
2026-05-16 21:18:10,3778387226923508,八九不理,点亮粉丝团,1,1,[等级19],[粉丝团 Lv9]
2026-05-16 21:18:11,3740994109441668,幺蛾子,小心心,1,1,[等级12],[粉丝团 Lv4]
2026-05-16 21:18:14,3740994109441668,幺蛾子,小心心,1,1,[等级12],[粉丝团 Lv4]
2026-05-16 21:18:15,62427541288,讨厌酸豆角,点亮粉丝团,1,1,[等级29],[粉丝团 Lv8]
2026-05-16 21:18:16,105011612108,雁字囬,为你闪耀,1,9,[等级18],[粉丝团 Lv10]
2026-05-16 21:18:18,62427541288,讨厌酸豆角,点亮粉丝团,1,1,[等级29],[粉丝团 Lv8]
2026-05-16 21:18:18,105011612108,雁字囬,为你闪耀,1,9,[等级18],[粉丝团 Lv10]
2026-05-16 21:18:22,2031487343664568,Lawfe,520快乐,1,1,[等级25],[粉丝团 Lv10]
2026-05-16 21:18:22,1046325426913655,小呼呼,粉丝团灯牌,1,1,[等级5],[粉丝团 Lv3]
2026-05-16 21:18:22,61324676323,爷们,粉丝团灯牌,1,1,[等级10],[粉丝团 Lv10]
2026-05-16 21:18:24,59193739258,徐徐晚风_,粉丝团灯牌,1,1,[等级9],[粉丝团 Lv10]
2026-05-16 21:18:25,2031487343664568,Lawfe,520快乐,1,1,[等级25],[粉丝团 Lv10]
2026-05-16 21:18:26,532640847891816,666姐鸟都不鸟你,小心心,1,1,[等级10],[粉丝团 Lv3]
2026-05-16 21:18:27,82447520117,ᯅ 对方已取消,粉丝团灯牌,1,1,[等级18],[粉丝团 Lv9]
2026-05-16 21:18:27,85314711869,拾荒者,入团卡,1,1,[等级4],
2026-05-16 21:18:29,532640847891816,666姐鸟都不鸟你,小心心,1,1,[等级10],[粉丝团 Lv3]
2026-05-16 21:18:30,85314711869,拾荒者,入团卡,1,1,[等级4],
2026-05-16 21:18:33,71363989770,_253326,小心心,1,1,[等级7],[粉丝团 Lv6]
2026-05-16 21:18:34,70870405284,͏͏ .,点亮粉丝团,1,1,[等级10],[粉丝团 Lv8]
2026-05-16 21:18:35,106357344136,龙,520快乐,1,1,[等级29],[粉丝团 Lv13]
2026-05-16 21:18:37,71363989770,_253326,小心心,1,1,[等级7],[粉丝团 Lv6]
2026-05-16 21:18:37,2471356545901140,🌈祈蝶星,粉丝团灯牌,1,1,[等级9],[粉丝团 Lv5]
2026-05-16 21:18:37,70870405284,͏͏ .,点亮粉丝团,1,1,[等级10],[粉丝团 Lv8]
2026-05-16 21:18:38,106357344136,龙,520快乐,1,1,[等级29],[粉丝团 Lv13]
2026-05-16 21:18:42,3355364986231832,肖晏,粉丝团灯牌,1,1,[等级25],[粉丝团 Lv6]
2026-05-16 21:18:52,81159556291,奥利给,平底锅,1,1,[等级29],[粉丝团 Lv12]
2026-05-16 21:18:52,69654624609,温棪,告白摩天轮,1,3000,[等级30],[粉丝团:张君雅 Lv14]
2026-05-16 21:18:53,2124702574722936,Dong,点亮粉丝团,1,1,[等级18],[粉丝团 Lv2]
2026-05-16 21:18:53,81159556291,奥利给,平底锅,2,2,[等级29],[粉丝团 Lv12]
2026-05-16 21:18:53,81159556291,奥利给,平底锅,4,4,[等级29],[粉丝团 Lv12]
2026-05-16 21:18:54,81159556291,奥利给,平底锅,5,5,[等级29],[粉丝团 Lv12]
2026-05-16 21:18:54,81159556291,奥利给,平底锅,6,6,[等级29],[粉丝团 Lv12]
2026-05-16 21:18:55,81159556291,奥利给,平底锅,7,7,[等级29],[粉丝团 Lv12]
2026-05-16 21:18:55,81159556291,奥利给,平底锅,8,8,[等级29],[粉丝团 Lv12]
2026-05-16 21:18:56,2124702574722936,Dong,粉丝团灯牌,1,1,[等级18],[粉丝团 Lv2]
2026-05-16 21:18:56,2124702574722936,Dong,点亮粉丝团,1,1,[等级18],[粉丝团 Lv2]
2026-05-16 21:18:56,81159556291,奥利给,平底锅,9,9,[等级29],[粉丝团 Lv12]
2026-05-16 21:18:56,81159556291,奥利给,平底锅,11,11,[等级29],[粉丝团 Lv12]
2026-05-16 21:18:56,81159556291,奥利给,平底锅,12,12,[等级29],[粉丝团 Lv12]
2026-05-16 21:18:57,81159556291,奥利给,平底锅,14,14,[等级29],[粉丝团 Lv12]
2026-05-16 21:18:57,106608873853,随风而遇,点亮粉丝团,1,9,[等级28],[粉丝团 Lv13]
2026-05-16 21:18:58,81159556291,奥利给,平底锅,16,16,[等级29],[粉丝团 Lv12]
2026-05-16 21:18:58,81159556291,奥利给,平底锅,17,17,[等级29],[粉丝团 Lv12]
2026-05-16 21:18:58,81159556291,奥利给,平底锅,19,19,[等级29],[粉丝团 Lv12]
2026-05-16 21:18:59,81159556291,奥利给,平底锅,21,21,[等级29],[粉丝团 Lv12]
2026-05-16 21:19:00,81159556291,奥利给,平底锅,23,23,[等级29],[粉丝团 Lv12]
2026-05-16 21:19:00,106608873853,随风而遇,粉丝团灯牌,1,1,[等级28],[粉丝团 Lv13]
2026-05-16 21:19:00,106608873853,随风而遇,点亮粉丝团,1,9,[等级28],[粉丝团 Lv13]
2026-05-16 21:19:00,81159556291,奥利给,平底锅,25,25,[等级29],[粉丝团 Lv12]
2026-05-16 21:19:00,81159556291,奥利给,平底锅,27,27,[等级29],[粉丝团 Lv12]
2026-05-16 21:19:01,81159556291,奥利给,平底锅,29,29,[等级29],[粉丝团 Lv12]
2026-05-16 21:19:02,81159556291,奥利给,平底锅,30,30,[等级29],[粉丝团 Lv12]
2026-05-16 21:19:02,81159556291,奥利给,平底锅,32,32,[等级29],[粉丝团 Lv12]
2026-05-16 21:19:02,111020700320,彩盒礼盒珍珠棉包装--李,粉丝团灯牌,1,1,[等级14],[粉丝团 Lv8]
2026-05-16 21:19:02,81159556291,奥利给,平底锅,33,33,[等级29],[粉丝团 Lv12]
2026-05-16 21:19:03,81159556291,奥利给,平底锅,35,35,[等级29],[粉丝团 Lv12]
2026-05-16 21:19:04,81159556291,奥利给,平底锅,37,37,[等级29],[粉丝团 Lv12]
2026-05-16 21:19:04,81159556291,奥利给,平底锅,39,39,[等级29],[粉丝团 Lv12]
2026-05-16 21:19:05,81159556291,奥利给,平底锅,41,41,[等级29],[粉丝团 Lv12]
2026-05-16 21:19:05,81159556291,奥利给,平底锅,43,43,[等级29],[粉丝团 Lv12]
2026-05-16 21:19:07,81159556291,奥利给,平底锅,45,45,[等级29],[粉丝团 Lv12]
2026-05-16 21:19:07,81159556291,奥利给,平底锅,47,47,[等级29],[粉丝团 Lv12]
2026-05-16 21:19:07,81159556291,奥利给,平底锅,49,49,[等级29],[粉丝团 Lv12]
2026-05-16 21:19:07,81159556291,奥利给,平底锅,51,51,[等级29],[粉丝团 Lv12]
2026-05-16 21:19:08,81159556291,奥利给,平底锅,52,52,[等级29],[粉丝团 Lv12]
2026-05-16 21:19:08,81159556291,奥利给,平底锅,54,54,[等级29],[粉丝团 Lv12]
2026-05-16 21:19:08,81159556291,奥利给,平底锅,56,56,[等级29],[粉丝团 Lv12]
2026-05-16 21:19:09,81159556291,奥利给,平底锅,58,58,[等级29],[粉丝团 Lv12]
2026-05-16 21:19:10,81159556291,奥利给,平底锅,59,59,[等级29],[粉丝团 Lv12]
2026-05-16 21:19:10,81159556291,奥利给,平底锅,60,60,[等级29],[粉丝团 Lv12]
2026-05-16 21:19:11,2493315983095923,寒月,粉丝团灯牌,1,1,[等级12],[粉丝团 Lv11]
2026-05-16 21:19:11,141156433802311,九离,粉丝团灯牌,1,1,[等级28],[粉丝团 Lv13]
2026-05-16 21:19:13,81159556291,奥利给,平底锅,60,60,[等级29],[粉丝团 Lv12]
2026-05-16 21:19:20,62711299704,Бог с мягким сердцем,粉丝团灯牌,1,1,[等级33],[粉丝团 Lv15]
2026-05-16 21:19:24,71211666795,🍋‍🟩,粉丝团灯牌,1,1,[等级17],[粉丝团 Lv10]
2026-05-16 21:19:26,3142853699305764,安雪儿,大啤酒,1,2,[等级11],[粉丝团 Lv10]
2026-05-16 21:19:29,3142853699305764,安雪儿,大啤酒,1,2,[等级11],[粉丝团 Lv10]
2026-05-16 21:19:40,73633894710,👀👂,点亮粉丝团,1,1,[等级18],[粉丝团 Lv5]
2026-05-16 21:19:41,100204654842,一永超市,你最好看,1,2,[等级10],
2026-05-16 21:19:43,73633894710,👀👂,点亮粉丝团,1,1,[等级18],[粉丝团 Lv5]
2026-05-16 21:19:44,100204654842,一永超市,你最好看,1,2,[等级10],
2026-05-16 21:19:53,105130530485,彤彤,粉丝团灯牌,1,1,[等级9],[粉丝团 Lv10]
2026-05-16 21:19:54,94217184097,安野,粉丝团灯牌,1,1,[等级13],[粉丝团 Lv10]
2026-05-16 21:19:56,97391065780,Mc小四,粉丝团灯牌,1,1,[等级22],[粉丝团 Lv14]
2026-05-16 21:19:56,61938833360,财神爷的心尖宠,粉丝团灯牌,1,1,[等级13],[粉丝团 Lv11]
2026-05-16 21:19:59,1245076976316973,错过了一个亿,粉丝团灯牌,1,1,[等级32],[粉丝团 Lv10]
2026-05-16 21:19:59,237962435498220,⁸⁰登堡山⁰⁸,粉丝团灯牌,1,1,[等级38],[粉丝团 Lv16]
2026-05-16 21:20:10,105576240808,拾柒😉,粉丝团灯牌,1,1,[等级35],[粉丝团 Lv11]
2026-05-16 21:20:12,1596935014982676,笨蛋,粉丝团灯牌,1,1,[等级34],[粉丝团 Lv10]
2026-05-16 21:20:14,92199461343,7s,粉丝团灯牌,1,1,[等级28],[粉丝团 Lv14]
2026-05-16 21:20:20,103799358334,戒断,粉丝团灯牌,1,1,[等级30],[粉丝团 Lv11]
2026-05-16 21:20:25,85173839765,残龍,粉丝团灯牌,1,1,[等级8],[粉丝团 Lv5]
2026-05-16 21:20:25,3633206592552243,W下午见,粉丝团灯牌,1,1,[等级7],[粉丝团 Lv6]
2026-05-16 21:20:27,71985501348,啥也不是🌈🌊🍡,粉丝团灯牌,1,1,[等级29],[粉丝团 Lv10]
2026-05-16 21:20:28,1468562093124676,晴天虾仁,你最好看,1,2,[等级2],
2026-05-16 21:20:30,1653272078723005,睡個好觉,粉丝团灯牌,1,1,[等级13],[粉丝团 Lv10]
2026-05-16 21:20:32,1468562093124676,晴天虾仁,你最好看,1,2,[等级2],
2026-05-16 21:20:32,59209474355,白天不懂爷的黑2,粉丝团灯牌,1,1,[等级34],[粉丝团 Lv13]
2026-05-16 21:20:35,1134332761879854,君莫笑,粉丝团灯牌,1,1,[等级22],[粉丝团 Lv12]
2026-05-16 21:20:37,75395000607,9394,人气票,1,1,[等级25],[粉丝团 Lv1]
2026-05-16 21:20:39,75395000607,9394,人气票,1,1,[等级25],[粉丝团 Lv1]
2026-05-16 21:20:41,3975439439380286,面包,粉丝团灯牌,1,1,[等级13],[粉丝团 Lv8]
2026-05-16 21:20:46,75395000607,9394,点亮粉丝团,1,1,[等级25],[粉丝团 Lv1]
2026-05-16 21:20:48,75395000607,9394,粉丝团灯牌,1,1,[等级25],[粉丝团 Lv2]
2026-05-16 21:20:49,75395000607,9394,点亮粉丝团,1,1,[等级25],[粉丝团 Lv1]
2026-05-16 21:20:49,66826268526,余生安好,粉丝团灯牌,1,1,[等级9],[粉丝团 Lv4]
2026-05-16 21:20:54,3283586739870650,🌈温棠🫧,粉丝团灯牌,1,1,[等级13],[粉丝团 Lv13]
2026-05-16 21:20:58,61667730378,喂，凉了,粉丝团灯牌,1,1,[等级31],[粉丝团 Lv11]
2026-05-16 21:21:05,103782003145,修心/我若成魔   佛奈我何,小心心,1,1,[等级25],[粉丝团 Lv13]
2026-05-16 21:21:06,60793325751,李二蛋🏂,点亮粉丝团,1,1,[等级32],[粉丝团 Lv2]
2026-05-16 21:21:07,2417196860189236,拾光✨,小心心,1,1,[等级16],
2026-05-16 21:21:08,103782003145,修心/我若成魔   佛奈我何,小心心,1,1,[等级25],[粉丝团 Lv13]
2026-05-16 21:21:08,57533178939,是悦悦吖丶,粉丝团灯牌,1,1,[等级16],[粉丝团 Lv12]
2026-05-16 21:21:08,3038660332100189,九月🌙,点亮粉丝团,1,1,[等级13],[粉丝团 Lv10]
2026-05-16 21:21:08,288508255143260,♂鎭訫ぷ愛You,小心心,1,1,[等级7],
2026-05-16 21:21:09,60793325751,李二蛋🏂,粉丝团灯牌,1,1,[等级32],[粉丝团 Lv2]
2026-05-16 21:21:09,60793325751,李二蛋🏂,点亮粉丝团,1,1,[等级32],[粉丝团 Lv2]
2026-05-16 21:21:10,2417196860189236,拾光✨,小心心,1,1,[等级16],
2026-05-16 21:21:12,3038660332100189,九月🌙,点亮粉丝团,1,1,[等级13],[粉丝团 Lv10]
2026-05-16 21:21:12,288508255143260,♂鎭訫ぷ愛You,小心心,1,1,[等级7],
2026-05-16 21:21:13,104815681988,为你而寂寞,入团卡,1,1,[等级14],
2026-05-16 21:21:16,104815681988,为你而寂寞,入团卡,1,1,[等级14],
2026-05-16 21:21:16,2749241973542558,🌸ღ᭄就是你এ᭄,粉丝团灯牌,1,1,[等级20],[粉丝团 Lv11]
2026-05-16 21:21:20,104815681988,为你而寂寞,粉丝团灯牌,1,1,[等级14],[粉丝团 Lv1]
2026-05-16 21:21:35,63941657918,三两☁️,520快乐,1,1,[等级21],[粉丝团 Lv14]
2026-05-16 21:21:36,63941657918,三两☁️,520快乐,2,2,[等级21],[粉丝团 Lv14]
2026-05-16 21:21:36,4270109025634999,孑,粉丝团灯牌,1,1,[等级17],[粉丝团 Lv10]
2026-05-16 21:21:39,63941657918,三两☁️,520快乐,2,2,[等级21],[粉丝团 Lv14]
2026-05-16 21:21:44,16464073860,东汉末年闹鸡瘟，曹操怒斩蔡徐坤,点亮粉丝团,1,1,[等级22],[粉丝团 Lv8]
2026-05-16 21:21:45,747281492215566,小吴🎙,点亮粉丝团,1,1,[等级24],[粉丝团 Lv1]
2026-05-16 21:21:47,16464073860,东汉末年闹鸡瘟，曹操怒斩蔡徐坤,点亮粉丝团,1,1,[等级22],[粉丝团 Lv8]
2026-05-16 21:21:48,747281492215566,小吴🎙,点亮粉丝团,1,1,[等级24],[粉丝团 Lv1]
2026-05-16 21:21:49,4217365043356446,蚀.,粉丝团灯牌,1,1,[等级32],[粉丝团 Lv12]
2026-05-16 21:21:49,1706087579648359,𩲧,点亮粉丝团,1,9,[等级21],[粉丝团 Lv13]
2026-05-16 21:21:51,1706087579648359,𩲧,点亮粉丝团,1,9,[等级21],[粉丝团 Lv13]
2026-05-16 21:22:01,68035169071,余生随心__,粉丝团灯牌,1,1,[等级14],[粉丝团 Lv7]
2026-05-16 21:22:02,72658210127,公子,粉丝团灯牌,1,1,[等级39],[粉丝团 Lv13]
2026-05-16 21:22:03,3025459012973000,南朋友,点亮粉丝团,1,9,[等级33],[粉丝团 Lv12]
2026-05-16 21:22:06,3025459012973000,南朋友,点亮粉丝团,1,9,[等级33],[粉丝团 Lv12]
2026-05-16 21:22:06,3025459012973000,南朋友,粉丝团灯牌,1,1,[等级33],[粉丝团 Lv12]
2026-05-16 21:22:07,3364953096993799,喏喏,粉丝团灯牌,1,1,[等级33],[粉丝团 Lv14]
2026-05-16 21:22:08,81847311070,7󠇥󠇥7,粉丝团灯牌,1,1,[等级30],[粉丝团 Lv10]
2026-05-16 21:22:10,3843488697033726,Diligent DaWu,小心心,1,1,[等级31],[粉丝团 Lv7]
2026-05-16 21:22:11,83233825269,许温暖💎💍,粉丝团灯牌,1,1,[等级22],[粉丝团 Lv5]
2026-05-16 21:22:12,103522920123,阿伟,粉丝团灯牌,1,1,[等级20],[粉丝团 Lv13]
2026-05-16 21:22:12,3843488697033726,Diligent DaWu,小心心,1,1,[等级31],[粉丝团 Lv7]
2026-05-16 21:22:13,62279567933,IT婷婷,粉丝团灯牌,1,1,[等级13],[粉丝团 Lv10]
2026-05-16 21:22:14,53625265457,祖奶奶,小心心,1,1,[等级23],[粉丝团 Lv12]
2026-05-16 21:22:15,53625265457,祖奶奶,小心心,2,2,[等级23],[粉丝团 Lv12]
2026-05-16 21:22:15,67387624973,🌈贝贝额娘,你最好看,1,2,[等级27],
2026-05-16 21:22:16,81755554549,༺孞㐑༻,粉丝团灯牌,1,1,[等级33],[粉丝团 Lv9]
2026-05-16 21:22:17,53625265457,祖奶奶,小心心,2,2,[等级23],[粉丝团 Lv12]
2026-05-16 21:22:18,67387624973,🌈贝贝额娘,你最好看,1,2,[等级27],
2026-05-16 21:22:18,3685154445066925,沫,点亮粉丝团,1,1,[等级24],[粉丝团 Lv10]
2026-05-16 21:22:21,2133502690594328,什么都好👿👿👿,点亮粉丝团,1,1,[等级13],[粉丝团 Lv1]
2026-05-16 21:22:22,3685154445066925,沫,点亮粉丝团,1,1,[等级24],[粉丝团 Lv10]
2026-05-16 21:22:23,99787889302,心若兰兮终不移,为你闪耀,1,9,[等级34],[粉丝团 Lv3]
2026-05-16 21:22:24,2133502690594328,什么都好👿👿👿,粉丝团灯牌,1,1,[等级13],[粉丝团 Lv1]
2026-05-16 21:22:24,2133502690594328,什么都好👿👿👿,点亮粉丝团,1,1,[等级13],[粉丝团 Lv1]
2026-05-16 21:22:24,2133502690594328,什么都好👿👿👿,点亮粉丝团,1,1,[等级13],[粉丝团 Lv1]
2026-05-16 21:22:26,3685154445066925,沫,粉丝团灯牌,1,1,[等级24],[粉丝团 Lv10]
2026-05-16 21:22:26,99787889302,心若兰兮终不移,为你闪耀,1,9,[等级34],[粉丝团 Lv3]
2026-05-16 21:22:31,63223544384,Ge三三,粉丝团灯牌,1,1,[等级16],[粉丝团 Lv12]
2026-05-16 21:22:34,20164512281,花镜镜,粉丝团灯牌,1,1,[等级12],[粉丝团 Lv11]
2026-05-16 21:22:36,97658095852,叶落抚尘,粉丝团灯牌,1,1,[等级14],[粉丝团 Lv13]
2026-05-16 21:22:40,73541752032,了又刘☘️,小心心,1,1,[等级15],
2026-05-16 21:22:41,75132363726,🔱烟花易冷🔱,点亮粉丝团,1,1,[等级24],[粉丝团 Lv9]
2026-05-16 21:22:41,23671175128,◔.̮◔ 咻～,粉丝团灯牌,1,1,[等级19],[粉丝团 Lv7]
2026-05-16 21:22:43,73541752032,了又刘☘️,小心心,1,1,[等级15],
2026-05-16 21:22:44,99787889302,心若兰兮终不移,为你闪耀,1,9,[等级34],[粉丝团 Lv3]
2026-05-16 21:22:44,75132363726,🔱烟花易冷🔱,点亮粉丝团,1,1,[等级24],[粉丝团 Lv9]
2026-05-16 21:22:47,99787889302,心若兰兮终不移,为你闪耀,1,9,[等级34],[粉丝团 Lv3]
2026-05-16 21:22:49,96529285287,@L_Y@⁵¹⁰⁷⁴₈₀₀₈,倾心于你,1,1888,[等级43],[粉丝团:张君雅 Lv17]
2026-05-16 21:22:50,52490529537,sys,粉丝团灯牌,1,1,[等级14],[粉丝团 Lv11]
2026-05-16 21:22:51,4214908908996976,失忆@信鸽,小心心,1,1,,
2026-05-16 21:22:51,2383340282577854,🇨🇳财🇨🇳,粉丝团灯牌,1,1,[等级20],[粉丝团 Lv12]
2026-05-16 21:22:53,104755480557,̼He,粉丝团灯牌,1,1,[等级34],[粉丝团 Lv12]
2026-05-16 21:22:54,71189357410,🙃🙃🙃,点亮粉丝团,1,1,[等级14],[粉丝团 Lv10]
2026-05-16 21:22:54,4214908908996976,失忆@信鸽,小心心,1,1,,
2026-05-16 21:22:56,106644765988,和煦,点亮粉丝团,1,9,[等级25],[粉丝团 Lv11]
2026-05-16 21:22:56,71189357410,🙃🙃🙃,点亮粉丝团,1,1,[等级14],[粉丝团 Lv10]
2026-05-16 21:22:57,98036912349,哥哥,粉丝团灯牌,1,1,[等级7],[粉丝团 Lv8]
2026-05-16 21:22:59,106644765988,和煦,粉丝团灯牌,1,1,[等级25],[粉丝团 Lv11]
2026-05-16 21:22:59,106644765988,和煦,点亮粉丝团,1,9,[等级25],[粉丝团 Lv11]
2026-05-16 21:22:59,99787889302,心若兰兮终不移,为你闪耀,1,9,[等级34],[粉丝团 Lv4]
2026-05-16 21:23:02,1268188511223116,🤡,粉丝团灯牌,1,1,[等级22],[粉丝团 Lv11]
2026-05-16 21:23:03,99787889302,心若兰兮终不移,为你闪耀,1,9,[等级34],[粉丝团 Lv4]
2026-05-16 21:23:07,94356717023,迟遇,520快乐,1,1,[等级24],[粉丝团 Lv14]
2026-05-16 21:23:11,94356717023,迟遇,520快乐,1,1,[等级24],[粉丝团 Lv14]
2026-05-16 21:23:11,4199782460955517,MT,点亮粉丝团,1,1,[等级9],[粉丝团 Lv8]
2026-05-16 21:23:14,4199782460955517,MT,点亮粉丝团,1,1,[等级9],[粉丝团 Lv8]
2026-05-16 21:23:21,1614513330467710,逍遥,小心心,1,1,[等级14],[粉丝团 Lv9]
2026-05-16 21:23:21,76171456051,心动止于你,点亮粉丝团,1,1,[等级18],[粉丝团 Lv8]
2026-05-16 21:23:23,1614513330467710,逍遥,小心心,1,1,[等级14],[粉丝团 Lv9]
2026-05-16 21:23:23,76171456051,心动止于你,点亮粉丝团,1,1,[等级18],[粉丝团 Lv8]
2026-05-16 21:23:24,60307263948,吸血蝙蝠,玫瑰,1,1,[等级17],[粉丝团 Lv11]
2026-05-16 21:23:27,60307263948,吸血蝙蝠,玫瑰,1,1,[等级17],[粉丝团 Lv11]
2026-05-16 21:23:29,1279425533444781,与素颜和解（带娃中）,点亮粉丝团,1,1,[等级10],[粉丝团 Lv7]
2026-05-16 21:23:33,1279425533444781,与素颜和解（带娃中）,点亮粉丝团,1,1,[等级10],[粉丝团 Lv7]
2026-05-16 21:23:33,105476716626,💫迷,粉丝团灯牌,1,1,[等级24],[粉丝团 Lv15]
2026-05-16 21:23:33,1279425533444781,与素颜和解（带娃中）,粉丝团灯牌,1,1,[等级10],[粉丝团 Lv7]
2026-05-16 21:23:34,92616925981,李度春风,小心心,1,1,[等级25],[粉丝团 Lv13]
2026-05-16 21:23:34,100369102631,Lonely.(孤独),粉丝团灯牌,1,1,[等级26],[粉丝团 Lv12]
2026-05-16 21:23:37,92616925981,李度春风,小心心,1,1,[等级25],[粉丝团 Lv13]
2026-05-16 21:23:38,1706087579648359,𩲧,小心心,1,1,[等级21],[粉丝团 Lv13]
2026-05-16 21:23:41,1706087579648359,𩲧,小心心,1,1,[等级21],[粉丝团 Lv13]
2026-05-16 21:23:50,96870490687,撸铁,粉丝团灯牌,1,1,[等级32],[粉丝团 Lv10]
2026-05-16 21:23:51,1304445289505168,清禾,粉丝团灯牌,1,1,[等级20],[粉丝团 Lv13]
2026-05-16 21:23:57,2779158201769150,🐦‍🔥一生有李💮,粉丝团灯牌,1,1,[等级18],[粉丝团 Lv10]
2026-05-16 21:23:58,13154565763,Coisini,粉丝团灯牌,1,1,[等级26],[粉丝团 Lv11]
2026-05-16 21:24:04,97780583280,可笑,粉丝团灯牌,1,1,[等级16],[粉丝团 Lv11]
2026-05-16 21:24:14,2188469881020916,🍓,大啤酒,1,2,[等级6],[粉丝团 Lv4]
2026-05-16 21:24:18,2188469881020916,🍓,大啤酒,1,2,[等级6],[粉丝团 Lv4]
2026-05-16 21:24:20,53928095406,只刷礼物不关注,粉丝团灯牌,1,1,[等级25],[粉丝团 Lv12]
2026-05-16 21:24:21,76049740475,随心,粉丝团灯牌,1,1,[等级25],[粉丝团 Lv12]
2026-05-16 21:24:23,95773811299,飞哥,粉丝团灯牌,1,1,[等级30],[粉丝团 Lv13]
2026-05-16 21:24:24,870418750651885,猛踹瘸子那条好腿,人气票,1,1,[等级22],[粉丝团 Lv11]
2026-05-16 21:24:26,870418750651885,猛踹瘸子那条好腿,粉丝团灯牌,1,1,[等级22],[粉丝团 Lv11]
2026-05-16 21:24:26,870418750651885,猛踹瘸子那条好腿,人气票,1,1,[等级22],[粉丝团 Lv11]
2026-05-16 21:24:27,7429100845605225496,卫丆,粉丝团灯牌,1,1,[等级4],[粉丝团 Lv8]
2026-05-16 21:24:29,2704407724044788,匚亓,粉丝团灯牌,1,1,[等级15],[粉丝团 Lv7]
2026-05-16 21:24:37,109487357361,Yan,粉丝团灯牌,1,1,[等级24],[粉丝团 Lv6]
2026-05-16 21:24:45,844904479865486,逝去,粉丝团灯牌,1,1,[等级29],[粉丝团 Lv11]
2026-05-16 21:24:46,62777122902,遇,点亮粉丝团,1,9,[等级26],[粉丝团 Lv11]
2026-05-16 21:24:48,66774732765,💗💗,粉丝团灯牌,1,1,[等级19],[粉丝团 Lv13]
2026-05-16 21:24:49,62777122902,遇,点亮粉丝团,1,9,[等级26],[粉丝团 Lv11]
2026-05-16 21:24:49,62777122902,遇,粉丝团灯牌,1,1,[等级26],[粉丝团 Lv11]
2026-05-16 21:24:49,62777122902,遇,点亮粉丝团,1,9,[等级26],[粉丝团 Lv11]
2026-05-16 21:24:53,97715073734,Get ࿐money,粉丝团灯牌,1,1,[等级13],[粉丝团 Lv7]
2026-05-16 21:24:53,1468597981428589,楊轩,粉丝团灯牌,1,1,[等级9],[粉丝团 Lv10]
2026-05-16 21:24:58,100327146640,ㅤ,粉丝团灯牌,1,1,[等级26],[粉丝团 Lv9]
2026-05-16 21:24:59,1742062116935918,暮生·凉,粉丝团灯牌,1,1,[等级33],[粉丝团 Lv16]
2026-05-16 21:24:59,78343369474,红毛怪小姐.,粉丝团灯牌,1,1,[等级18],[粉丝团 Lv4]
2026-05-16 21:25:05,1837987265780152,Zzzz,粉丝团灯牌,1,1,[等级23],[粉丝团 Lv3]
2026-05-16 21:25:06,3843488697033726,Diligent DaWu,小心心,1,1,[等级31],[粉丝团 Lv7]
2026-05-16 21:25:06,94981815252,红茶,粉丝团灯牌,1,1,[等级19],[粉丝团 Lv12]
2026-05-16 21:25:07,564516131453204,小晓张（已剪20斤）,小心心,1,1,[等级8],
2026-05-16 21:25:08,3843488697033726,Diligent DaWu,小心心,1,1,[等级31],[粉丝团 Lv7]
2026-05-16 21:25:09,101602471310,🌸李.别管🌸⁵¹⁰⁷²,点亮粉丝团,1,9,[等级20],[粉丝团 Lv13]
2026-05-16 21:25:10,564516131453204,小晓张（已剪20斤）,小心心,1,1,[等级8],
2026-05-16 21:25:12,96068811405,@余小鱼,点亮粉丝团,1,9,[等级24],[粉丝团 Lv11]
2026-05-16 21:25:13,101602471310,🌸李.别管🌸⁵¹⁰⁷²,点亮粉丝团,1,9,[等级20],[粉丝团 Lv13]
2026-05-16 21:25:15,96068811405,@余小鱼,点亮粉丝团,1,9,[等级24],[粉丝团 Lv11]
2026-05-16 21:25:15,96068811405,@余小鱼,粉丝团灯牌,1,1,[等级24],[粉丝团 Lv11]
2026-05-16 21:25:20,67756804058,小小九哥,点亮粉丝团,1,1,[等级6],[粉丝团 Lv7]
2026-05-16 21:25:21,101602471310,🌸李.别管🌸⁵¹⁰⁷²,粉丝团灯牌,1,1,[等级20],[粉丝团 Lv13]
2026-05-16 21:25:23,67756804058,小小九哥,粉丝团灯牌,1,1,[等级6],[粉丝团 Lv7]
2026-05-16 21:25:23,67756804058,小小九哥,点亮粉丝团,1,1,[等级6],[粉丝团 Lv7]
2026-05-16 21:25:24,1706087579648359,𩲧,粉丝团灯牌,1,1,[等级21],[粉丝团 Lv13]
2026-05-16 21:25:24,87925062079,紧握双手,粉丝团灯牌,1,1,[等级21],[粉丝团 Lv12]
2026-05-16 21:25:25,109307336543,肖,粉丝团灯牌,1,1,[等级16],[粉丝团 Lv13]
2026-05-16 21:25:27,70887527034,俗人,点亮粉丝团,1,1,[等级6],[粉丝团 Lv7]
2026-05-16 21:25:31,70887527034,俗人,点亮粉丝团,1,1,[等级6],[粉丝团 Lv7]
2026-05-16 21:25:32,101092585781,享受安静,粉丝团灯牌,1,1,[等级16],[粉丝团 Lv11]
2026-05-16 21:25:33,73903692330,勾栏听曲儿,粉丝团灯牌,1,1,[等级16],[粉丝团 Lv11]
2026-05-16 21:25:34,61228459300,虫子,粉丝团灯牌,1,1,[等级31],[粉丝团 Lv8]
2026-05-16 21:25:36,4220350725107594,赵小屁,小心心,1,1,[等级13],[粉丝团 Lv1]
2026-05-16 21:25:36,3597198056767224,用户61052223,点亮粉丝团,1,1,[等级31],[粉丝团 Lv9]
2026-05-16 21:25:37,63019632364,仰望星空,粉丝团灯牌,1,1,[等级31],[粉丝团 Lv5]
2026-05-16 21:25:37,59262560352,樂 ⸜❤︎⸝,粉丝团灯牌,1,1,[等级20],[粉丝团 Lv9]
2026-05-16 21:25:37,98472936356,闪电牛爷爷勾搭壮壮妈,粉丝团灯牌,1,1,[等级17],[粉丝团 Lv9]
2026-05-16 21:25:38,73207653475,#月满秋安,粉丝团灯牌,1,1,[等级8],[粉丝团 Lv8]
2026-05-16 21:25:38,4220350725107594,赵小屁,小心心,1,1,[等级13],[粉丝团 Lv1]
2026-05-16 21:25:38,61303363390,华南城商办站斧浏览器Amber,粉丝团灯牌,1,1,[等级30],[粉丝团 Lv13]
2026-05-16 21:25:39,3597198056767224,用户61052223,点亮粉丝团,1,1,[等级31],[粉丝团 Lv9]
2026-05-16 21:25:40,3597198056767224,用户61052223,粉丝团灯牌,1,1,[等级31],[粉丝团 Lv9]
2026-05-16 21:25:40,104966401019,佑润地产小陆,点亮粉丝团,1,1,[等级8],[粉丝团 Lv9]
2026-05-16 21:25:42,1717886612936084,扫碗猪脚饭先,粉丝团灯牌,1,1,[等级21],[粉丝团 Lv11]
2026-05-16 21:25:43,86624924770,无数颗星星,粉丝团灯牌,1,1,[等级4],[粉丝团 Lv4]
2026-05-16 21:25:43,698881292111118,5是20,粉丝团灯牌,1,1,[等级12],[粉丝团 Lv9]
2026-05-16 21:25:43,104757332195,꧁過༒客꧂,粉丝团灯牌,1,1,[等级28],[粉丝团 Lv12]
2026-05-16 21:25:44,4503652125612748,芋泥暖香柑,点亮粉丝团,1,1,[等级48],[粉丝团 Lv10]
2026-05-16 21:25:44,104966401019,佑润地产小陆,点亮粉丝团,1,1,[等级8],[粉丝团 Lv9]
2026-05-16 21:25:44,95467273316,云南李家古茶坊²º²⁶,粉丝团灯牌,1,1,[等级29],[粉丝团 Lv11]
2026-05-16 21:25:45,104966401019,佑润地产小陆,粉丝团灯牌,1,1,[等级8],[粉丝团 Lv9]
2026-05-16 21:25:46,67847211974,唯一🌹,粉丝团灯牌,1,1,[等级19],[粉丝团 Lv15]
2026-05-16 21:25:46,1165110754420461,勐海勐品缘茶业,点亮粉丝团,1,1,[等级44],[粉丝团 Lv7]
2026-05-16 21:25:46,4503652125612748,芋泥暖香柑,粉丝团灯牌,1,1,[等级48],[粉丝团 Lv10]
2026-05-16 21:25:46,4503652125612748,芋泥暖香柑,点亮粉丝团,1,1,[等级48],[粉丝团 Lv10]
2026-05-16 21:25:46,99820002157,白牧川 · 驰风,点亮粉丝团,1,9,[等级33],[粉丝团 Lv11]
2026-05-16 21:25:47,62663002728,幸运星⭐,点亮粉丝团,1,1,[等级12],[粉丝团 Lv8]
2026-05-16 21:25:48,1165110754420461,勐海勐品缘茶业,点亮粉丝团,1,1,[等级44],[粉丝团 Lv7]
2026-05-16 21:25:50,3170609241798307,陈若初·念安。,点亮粉丝团,1,1,[等级10],[粉丝团 Lv7]
2026-05-16 21:25:50,99820002157,白牧川 · 驰风,点亮粉丝团,1,9,[等级33],[粉丝团 Lv11]
2026-05-16 21:25:50,62663002728,幸运星⭐,点亮粉丝团,1,1,[等级12],[粉丝团 Lv8]
2026-05-16 21:25:51,4410896841448173,@果冻@,粉丝团灯牌,1,1,[等级12],[粉丝团 Lv11]
2026-05-16 21:25:52,3170609241798307,陈若初·念安。,粉丝团灯牌,1,1,[等级10],[粉丝团 Lv7]
2026-05-16 21:25:52,3993847141783054,马太瘦@,为你闪耀,1,9,[等级10],[粉丝团 Lv9]
2026-05-16 21:25:52,3170609241798307,陈若初·念安。,点亮粉丝团,1,1,[等级10],[粉丝团 Lv7]
2026-05-16 21:25:55,99820002157,白牧川 · 驰风,粉丝团灯牌,1,1,[等级33],[粉丝团 Lv11]
2026-05-16 21:25:56,3993847141783054,马太瘦@,为你闪耀,1,9,[等级10],[粉丝团 Lv9]
2026-05-16 21:25:56,59242202028,囍寶,粉丝团灯牌,1,1,[等级10],[粉丝团 Lv10]
2026-05-16 21:25:58,4378721933862964,海风,粉丝团灯牌,1,1,[等级10],[粉丝团 Lv5]
2026-05-16 21:26:03,97785933918,友谊散尽了,点亮粉丝团,1,1,[等级15],[粉丝团 Lv9]
2026-05-16 21:26:05,2911965326357708,听风,粉丝团灯牌,1,1,[等级25],[粉丝团 Lv8]
2026-05-16 21:26:05,1332225723339756,用户7087416616603,点亮粉丝团,1,1,[等级14],[粉丝团 Lv6]
2026-05-16 21:26:06,55491772893,牛角包🥐,粉丝团灯牌,1,1,[等级13],[粉丝团 Lv1]
2026-05-16 21:26:06,97785933918,友谊散尽了,点亮粉丝团,1,1,[等级15],[粉丝团 Lv9]
2026-05-16 21:26:07,2417196860189236,拾光✨,玫瑰,1,1,[等级16],
2026-05-16 21:26:09,1332225723339756,用户7087416616603,点亮粉丝团,1,1,[等级14],[粉丝团 Lv6]
2026-05-16 21:26:09,4164599867516798,冰吻予思,粉丝团灯牌,1,1,[等级20],[粉丝团 Lv13]
2026-05-16 21:26:09,92766111149,天空,粉丝团灯牌,1,1,[等级22],[粉丝团 Lv11]
2026-05-16 21:26:10,74294041485,滋滋巧乐兹,粉丝团灯牌,1,1,[等级19],[粉丝团 Lv7]
2026-05-16 21:26:10,2417196860189236,拾光✨,玫瑰,1,1,[等级16],
2026-05-16 21:26:11,62908297521,惜,点亮粉丝团,1,1,[等级29],[粉丝团 Lv10]
2026-05-16 21:26:13,62908297521,惜,粉丝团灯牌,1,1,[等级29],[粉丝团 Lv10]
2026-05-16 21:26:13,62908297521,惜,点亮粉丝团,1,1,[等级29],[粉丝团 Lv10]
2026-05-16 21:26:19,92446623558,天天项上,粉丝团灯牌,1,1,[等级10],[粉丝团 Lv2]
2026-05-16 21:26:21,97785933918,友谊散尽了,粉丝团灯牌,1,1,[等级15],[粉丝团 Lv9]
2026-05-16 21:26:22,80751080840,ZHANG YU丶,粉丝团灯牌,1,1,[等级30],[粉丝团 Lv11]
2026-05-16 21:26:26,4848398117456,遗忘,粉丝团灯牌,1,1,[等级24],[粉丝团 Lv12]
2026-05-16 21:26:26,19551216251,秋序三十·明澈,粉丝团灯牌,1,1,[等级18],[粉丝团 Lv11]
2026-05-16 21:26:27,93806482793,张力,粉丝团灯牌,1,1,[等级19],[粉丝团 Lv11]
2026-05-16 21:26:29,68551916101,清风夜歌,点亮粉丝团,1,1,[等级10],[粉丝团 Lv7]
2026-05-16 21:26:32,1957550381349694,尔曼(宝贝),粉丝团灯牌,1,1,[等级15],[粉丝团 Lv11]
2026-05-16 21:26:32,68551916101,清风夜歌,点亮粉丝团,1,1,[等级10],[粉丝团 Lv7]
2026-05-16 21:26:33,86301772404,雷神哥,点亮粉丝团,1,1,[等级32],[粉丝团 Lv9]
2026-05-16 21:26:35,52350890903,等待的明天_,粉丝团灯牌,1,1,[等级21],[粉丝团 Lv10]
2026-05-16 21:26:37,86301772404,雷神哥,点亮粉丝团,1,1,[等级32],[粉丝团 Lv9]
2026-05-16 21:26:37,1991959367650910,放誓年华,你最好看,1,2,[等级3],[粉丝团 Lv5]
2026-05-16 21:26:37,2559258277454052,超,大啤酒,1,2,[等级18],[粉丝团 Lv7]
2026-05-16 21:26:40,1991959367650910,放誓年华,你最好看,1,2,[等级3],[粉丝团 Lv5]
2026-05-16 21:26:41,2559258277454052,超,大啤酒,2,4,[等级18],[粉丝团 Lv7]
2026-05-16 21:26:42,99445363305,乆伴卜离,粉丝团灯牌,1,1,[等级13],[粉丝团 Lv7]
2026-05-16 21:26:42,127190737355639,567567辉,点亮粉丝团,1,1,[等级18],[粉丝团 Lv6]
2026-05-16 21:26:44,2559258277454052,超,大啤酒,2,4,[等级18],[粉丝团 Lv7]
2026-05-16 21:26:45,58606089925,ss,粉丝团灯牌,1,1,[等级20],[粉丝团 Lv3]
2026-05-16 21:26:46,127190737355639,567567辉,点亮粉丝团,1,1,[等级18],[粉丝团 Lv6]
2026-05-16 21:26:46,87494779333,已婚男人,粉丝团灯牌,1,1,[等级18],[粉丝团 Lv7]
2026-05-16 21:26:48,97738835844,🌧️夜,人气票,1,1,[等级29],[粉丝团 Lv9]
2026-05-16 21:26:51,97738835844,🌧️夜,人气票,1,1,[等级29],[粉丝团 Lv9]
2026-05-16 21:26:53,103442798670,夜...dz,粉丝团灯牌,1,1,[等级14],[粉丝团 Lv11]
2026-05-16 21:26:57,4406452658383900,努力早.睡🥝,粉丝团灯牌,1,1,[等级22],[粉丝团 Lv11]
2026-05-16 21:26:57,1139509654456108,蚂蚁励志,点亮粉丝团,1,1,[等级2],[粉丝团 Lv2]
2026-05-16 21:26:58,98613466301,C.H,粉丝团灯牌,1,1,[等级15],[粉丝团 Lv12]
2026-05-16 21:26:59,1139509654456108,蚂蚁励志,点亮粉丝团,1,1,[等级2],[粉丝团 Lv2]
2026-05-16 21:27:00,50358212261,小九哥,粉丝团灯牌,1,1,[等级31],[粉丝团 Lv13]
2026-05-16 21:27:00,64249480616836,老王1314,点亮粉丝团,1,1,[等级9],[粉丝团 Lv6]
2026-05-16 21:27:02,98368806608,火星哥,点亮粉丝团,1,1,[等级20],[粉丝团 Lv10]
2026-05-16 21:27:02,1139509654456108,蚂蚁励志,粉丝团灯牌,1,1,[等级2],[粉丝团 Lv2]
2026-05-16 21:27:03,99075460350,陪伴。,小皇冠,1,10,[等级16],[粉丝团 Lv11]
2026-05-16 21:27:03,64249480616836,老王1314,点亮粉丝团,1,1,[等级9],[粉丝团 Lv6]
2026-05-16 21:27:04,98253141276,ㅤ ￰ㅤ ㅤ南巷清风,点亮粉丝团,1,1,[等级24],[粉丝团 Lv10]
2026-05-16 21:27:04,75174650959,好怀念小时候的快乐,粉丝团灯牌,1,1,[等级24],[粉丝团 Lv9]
2026-05-16 21:27:04,98490850059,有个爱唱歌的女人,点亮粉丝团,1,1,[等级10],[粉丝团 Lv10]
2026-05-16 21:27:04,98368806608,火星哥,点亮粉丝团,1,1,[等级20],[粉丝团 Lv10]
2026-05-16 21:27:05,92148637695,广晟汽贸（专业二手车交易）,粉丝团灯牌,1,1,[等级14],[粉丝团 Lv9]
2026-05-16 21:27:05,1758812041909997,回忆🐸,粉丝团灯牌,1,1,[等级18],[粉丝团 Lv15]
2026-05-16 21:27:05,127190737355639,567567辉,粉丝团灯牌,1,1,[等级19],[粉丝团 Lv6]
2026-05-16 21:27:06,3109024218754059,晚安哥,点亮粉丝团,1,1,[等级19],[粉丝团 Lv9]
2026-05-16 21:27:06,861634586228142,君泽,粉丝团灯牌,1,1,[等级19],[粉丝团 Lv6]
2026-05-16 21:27:06,99075460350,陪伴。,小皇冠,1,10,[等级16],[粉丝团 Lv11]
2026-05-16 21:27:07,98253141276,ㅤ ￰ㅤ ㅤ南巷清风,点亮粉丝团,1,1,[等级24],[粉丝团 Lv10]
2026-05-16 21:27:07,2821783644551883,自由自翟先生,入团卡,1,1,[等级14],
2026-05-16 21:27:08,98490850059,有个爱唱歌的女人,点亮粉丝团,1,1,[等级10],[粉丝团 Lv10]
2026-05-16 21:27:08,98490850059,有个爱唱歌的女人,粉丝团灯牌,1,1,[等级10],[粉丝团 Lv10]
2026-05-16 21:27:08,63217086762,俊行致远,粉丝团灯牌,1,1,[等级15],[粉丝团 Lv11]
2026-05-16 21:27:09,3109024218754059,晚安哥,点亮粉丝团,1,1,[等级19],[粉丝团 Lv9]
2026-05-16 21:27:10,2821783644551883,自由自翟先生,入团卡,1,1,[等级14],
2026-05-16 21:27:11,4301738867958526,花开花落,点亮粉丝团,1,1,[等级26],[粉丝团 Lv10]
2026-05-16 21:27:11,4503676353707302,1237,点亮粉丝团,1,1,[等级29],[粉丝团 Lv7]
2026-05-16 21:27:12,103624090741,语凌,点亮粉丝团,1,1,[等级13],[粉丝团 Lv5]
2026-05-16 21:27:14,4503676353707302,1237,粉丝团灯牌,1,1,[等级29],[粉丝团 Lv7]
2026-05-16 21:27:14,4503676353707302,1237,点亮粉丝团,1,1,[等级29],[粉丝团 Lv7]
2026-05-16 21:27:14,4301738867958526,花开花落,点亮粉丝团,1,1,[等级26],[粉丝团 Lv10]
2026-05-16 21:27:15,103624090741,语凌,点亮粉丝团,1,1,[等级13],[粉丝团 Lv5]
2026-05-16 21:27:21,94315421039,咭莉,粉丝团灯牌,1,1,[等级22],[粉丝团 Lv11]
2026-05-16 21:27:23,105467129481,奋斗,入团卡,1,1,[等级14],
2026-05-16 21:27:23,106767791004,迦_南,粉丝团灯牌,1,1,[等级18],[粉丝团 Lv6]
2026-05-16 21:27:23,93170709337,元,点亮粉丝团,1,1,[等级24],[粉丝团 Lv9]
2026-05-16 21:27:23,4503693182104936,林俊杰810327,点亮粉丝团,1,1,[等级18],[粉丝团 Lv9]
2026-05-16 21:27:24,98253141276,ㅤ ￰ㅤ ㅤ南巷清风,粉丝团灯牌,1,1,[等级24],[粉丝团 Lv10]
2026-05-16 21:27:25,105467129481,奋斗,入团卡,1,1,[等级14],
2026-05-16 21:27:26,93170709337,元,点亮粉丝团,1,1,[等级24],[粉丝团 Lv9]
2026-05-16 21:27:27,4503693182104936,林俊杰810327,点亮粉丝团,1,1,[等级18],[粉丝团 Lv9]
2026-05-16 21:27:32,109598122905,🐏¹⁹₉₁鎏風℘࿐,粉丝团灯牌,1,1,[等级13],[粉丝团 Lv12]
2026-05-16 21:27:38,2621651578015143,ocean blue,点亮粉丝团,1,1,[等级19],[粉丝团 Lv4]
2026-05-16 21:27:38,53599471470,A-svvv.,小心心,1,1,[等级18],[粉丝团 Lv11]
2026-05-16 21:27:39,4327276477429582,沐程、,入团卡,1,1,[等级22],
2026-05-16 21:27:40,2621651578015143,ocean blue,粉丝团灯牌,1,1,[等级19],[粉丝团 Lv4]
2026-05-16 21:27:40,2621651578015143,ocean blue,点亮粉丝团,1,1,[等级19],[粉丝团 Lv4]
2026-05-16 21:27:40,2374557380392285,雪花。,你最好看,1,2,[等级3],[粉丝团 Lv3]
2026-05-16 21:27:41,53599471470,A-svvv.,小心心,1,1,[等级18],[粉丝团 Lv11]
2026-05-16 21:27:42,4327276477429582,沐程、,入团卡,1,1,[等级22],
2026-05-16 21:27:43,2374557380392285,雪花。,你最好看,1,2,[等级3],[粉丝团 Lv3]
2026-05-16 21:27:49,69820410967,哈呵。,粉丝团灯牌,1,1,[等级8],[粉丝团 Lv6]
2026-05-16 21:27:52,94366124147,zzz·,你最好看,1,2,[等级16],
2026-05-16 21:27:55,17202865771592,郑二爷,点亮粉丝团,1,1,[等级16],[粉丝团 Lv10]
2026-05-16 21:27:56,94366124147,zzz·,你最好看,1,2,[等级16],
2026-05-16 21:27:57,92613912042,🦋º᭄限量版᭄ོ࿐,点亮粉丝团,1,1,[等级20],[粉丝团 Lv8]
2026-05-16 21:27:58,17202865771592,郑二爷,点亮粉丝团,1,1,[等级16],[粉丝团 Lv10]
2026-05-16 21:28:00,92613912042,🦋º᭄限量版᭄ོ࿐,点亮粉丝团,1,1,[等级20],[粉丝团 Lv8]
2026-05-16 21:28:00,17202865771592,郑二爷,粉丝团灯牌,1,1,[等级16],[粉丝团 Lv10]
2026-05-16 21:28:10,66139861027,人生如戏,点亮粉丝团,1,1,[等级13],[粉丝团 Lv6]
2026-05-16 21:28:11,3843488697033726,Diligent DaWu,小心心,1,1,[等级31],[粉丝团 Lv7]
2026-05-16 21:28:13,66139861027,人生如戏,点亮粉丝团,1,1,[等级13],[粉丝团 Lv6]
2026-05-16 21:28:14,3843488697033726,Diligent DaWu,小心心,1,1,[等级31],[粉丝团 Lv7]
2026-05-16 21:28:34,3889430151311972,ㅤㅤㅤㅤㅤㅤ,点亮粉丝团,1,1,[等级15],[粉丝团 Lv4]
2026-05-16 21:28:37,3993880314003203,野，,点亮粉丝团,1,1,[等级16],[粉丝团 Lv1]
2026-05-16 21:28:37,3889430151311972,ㅤㅤㅤㅤㅤㅤ,点亮粉丝团,1,1,[等级15],[粉丝团 Lv4]
2026-05-16 21:28:38,3889430151311972,ㅤㅤㅤㅤㅤㅤ,粉丝团灯牌,1,1,[等级15],[粉丝团 Lv4]
2026-05-16 21:28:39,3993880314003203,野，,点亮粉丝团,1,1,[等级16],[粉丝团 Lv1]
2026-05-16 21:28:44,99107836473,排骨不肉,你最好看,1,2,[等级4],[粉丝团 Lv1]
2026-05-16 21:28:48,99107836473,排骨不肉,你最好看,1,2,[等级4],[粉丝团 Lv1]
2026-05-16 21:28:49,111125182108,大鱼吃小鱼,粉丝团灯牌,1,1,[等级15],[粉丝团 Lv14]
2026-05-16 21:28:51,64133755439,龍少⁸⁰⁰⁸,粉丝团灯牌,1,1,[等级28],[粉丝团 Lv11]
2026-05-16 21:29:07,53562427059,好多鱼。。。。,点亮粉丝团,1,1,[等级6],[粉丝团 Lv10]
2026-05-16 21:29:09,111111,♥***,粉丝团灯牌,1,1,[等级28],[粉丝团 Lv10]
2026-05-16 21:29:10,53562427059,好多鱼。。。。,点亮粉丝团,1,1,[等级6],[粉丝团 Lv10]
2026-05-16 21:29:14,71097476278,﹏durex、,粉丝团灯牌,1,1,[等级15],[粉丝团 Lv10]
2026-05-16 21:29:18,2489773479715629,牧野,粉丝团灯牌,1,1,[等级10],[粉丝团 Lv10]
2026-05-16 21:29:23,105263708143,一念之间,点亮粉丝团,1,9,[等级25],[粉丝团 Lv11]
2026-05-16 21:29:26,105263708143,一念之间,点亮粉丝团,1,9,[等级25],[粉丝团 Lv11]
2026-05-16 21:29:54,94356682252,晨雨，,你最好看,1,2,[等级19],[粉丝团 Lv3]
2026-05-16 21:29:57,94356682252,晨雨，,你最好看,1,2,[等级19],[粉丝团 Lv3]
2026-05-16 21:31:33,3843488697033726,Diligent DaWu,小心心,1,1,[等级31],[粉丝团 Lv7]
2026-05-16 21:31:36,3843488697033726,Diligent DaWu,小心心,1,1,[等级31],[粉丝团 Lv7]
2026-05-16 21:32:24,68182629677,“锋”,粉丝团灯牌,1,1,[等级11],[粉丝团 Lv11]
2026-05-16 21:32:25,3315728247958590,狗吃我再吃,点亮粉丝团,1,1,[等级22],[粉丝团 Lv10]
2026-05-16 21:32:25,15573455508,偶想ゾ鉨,粉丝团灯牌,1,1,[等级15],[粉丝团 Lv12]
2026-05-16 21:32:25,69999320090,大表哥和他的猫,粉丝团灯牌,1,1,[等级17],[粉丝团 Lv15]
2026-05-16 21:32:28,3315728247958590,狗吃我再吃,点亮粉丝团,1,1,[等级22],[粉丝团 Lv10]
2026-05-16 21:32:29,3315728247958590,狗吃我再吃,粉丝团灯牌,1,1,[等级22],[粉丝团 Lv10]
2026-05-16 21:32:44,72624273628,石头,点亮粉丝团,1,1,[等级11],[粉丝团 Lv10]
2026-05-16 21:32:47,1889376384086692,李ℒ𝒾 ᥫᩣ,点亮粉丝团,1,1,[等级2],[粉丝团 Lv4]
2026-05-16 21:32:47,72624273628,石头,点亮粉丝团,1,1,[等级11],[粉丝团 Lv10]
2026-05-16 21:32:50,1889376384086692,李ℒ𝒾 ᥫᩣ,点亮粉丝团,1,1,[等级2],[粉丝团 Lv4]
2026-05-16 21:32:51,102523691265,芳,粉丝团灯牌,1,1,[等级20],[粉丝团 Lv13]
2026-05-16 21:32:51,7535039184223962170,峣岳观今,点亮粉丝团,1,1,[等级15],[粉丝团 Lv5]
2026-05-16 21:32:54,7535039184223962170,峣岳观今,点亮粉丝团,1,1,[等级15],[粉丝团 Lv5]
2026-05-16 21:32:55,1332262262282654,旷野豪情,粉丝团灯牌,1,1,[等级28],[粉丝团 Lv15]
2026-05-16 21:32:56,69893939386,小c,闪烁星河,1,1,[等级29],[粉丝团:张君雅 Lv13]
2026-05-16 21:32:57,98315660687,💜,点亮粉丝团,1,1,[等级13],[粉丝团 Lv9]
2026-05-16 21:32:57,2401752823105204,安心,粉丝团灯牌,1,1,[等级13],[粉丝团 Lv12]
2026-05-16 21:32:58,63178290912,Z-Sept16-Vir,粉丝团灯牌,1,1,[等级19],[粉丝团 Lv11]
2026-05-16 21:33:00,69893939386,小c,星光闪耀,1,9,[等级29],[粉丝团:张君雅 Lv13]
2026-05-16 21:33:00,98315660687,💜,点亮粉丝团,1,1,[等级13],[粉丝团 Lv9]
2026-05-16 21:33:02,94356682252,晨雨，,最亮灯泡,1,99,[等级19],[粉丝团 Lv3]
2026-05-16 21:33:04,69893939386,小c,星光闪耀,1,9,[等级29],[粉丝团:张君雅 Lv13]
2026-05-16 21:33:06,82000052271,╰→尘埃ヤ;,入团卡,1,1,[等级37],
2026-05-16 21:33:08,100050501208,.ℳ̶̶̶̶回头♡̶҉已无路꧔ꦿ℘,点亮粉丝团,1,1,[等级21],[粉丝团 Lv10]
2026-05-16 21:33:09,3074670695811192,夜色,粉丝团灯牌,1,1,[等级14],[粉丝团 Lv2]
2026-05-16 21:33:09,82000052271,╰→尘埃ヤ;,入团卡,1,1,[等级37],
2026-05-16 21:33:11,100050501208,.ℳ̶̶̶̶回头♡̶҉已无路꧔ꦿ℘,点亮粉丝团,1,1,[等级21],[粉丝团 Lv10]
2026-05-16 21:33:25,82000052271,╰→尘埃ヤ;,粉丝团灯牌,1,1,[等级37],[粉丝团 Lv1]
2026-05-16 21:33:25,739332619507399,MiraitowA,粉丝团灯牌,1,1,[等级16],[粉丝团 Lv9]
2026-05-16 21:33:27,69966640374,旧人不覆,粉丝团灯牌,1,1,[等级23],[粉丝团 Lv13]
2026-05-16 21:33:30,2555730342193710,殇戀丶,粉丝团灯牌,1,1,[等级26],[粉丝团 Lv12]
2026-05-16 21:33:45,2387755862853676,@哎呦喂～,点亮粉丝团,1,1,[等级24],[粉丝团 Lv6]
2026-05-16 21:33:47,2387755862853676,@哎呦喂～,点亮粉丝团,1,1,[等级24],[粉丝团 Lv6]
2026-05-16 21:33:48,104826304605,㞮孞,点亮粉丝团,1,1,[等级15],[粉丝团 Lv6]
2026-05-16 21:33:50,527366792684078,蒠崽,粉丝团灯牌,1,1,[等级27],[粉丝团 Lv13]
2026-05-16 21:33:50,104826304605,㞮孞,点亮粉丝团,1,1,[等级15],[粉丝团 Lv6]
2026-05-16 21:33:58,431442465400880,谁也不是谁的谁,点亮粉丝团,1,9,[等级33],[粉丝团 Lv11]
2026-05-16 21:34:01,94205133941,Wang,粉丝团灯牌,1,1,[等级22],[粉丝团 Lv13]
2026-05-16 21:34:02,431442465400880,谁也不是谁的谁,点亮粉丝团,1,9,[等级33],[粉丝团 Lv11]
2026-05-16 21:34:02,431442465400880,谁也不是谁的谁,粉丝团灯牌,1,1,[等级33],[粉丝团 Lv11]
2026-05-16 21:34:02,431442465400880,谁也不是谁的谁,点亮粉丝团,1,9,[等级33],[粉丝团 Lv11]
2026-05-16 21:34:05,104133731360,你微笑的口红,粉丝团灯牌,1,1,[等级5],[粉丝团 Lv4]
2026-05-16 21:34:10,63611092592,楠一💙,点亮粉丝团,1,1,[等级17],[粉丝团 Lv5]
2026-05-16 21:34:10,75515184486,晚安i,粉丝团灯牌,1,1,[等级22],[粉丝团 Lv5]
2026-05-16 21:34:12,63611092592,楠一💙,点亮粉丝团,1,1,[等级17],[粉丝团 Lv5]
2026-05-16 21:34:15,3266015749480475,渣男,粉丝团灯牌,1,1,[等级22],[粉丝团 Lv11]
2026-05-16 21:34:17,514216366184003,獨醉,点亮粉丝团,1,1,[等级16],[粉丝团 Lv10]
2026-05-16 21:34:19,1601357024344691,L eo,粉丝团灯牌,1,1,[等级19],[粉丝团 Lv11]
2026-05-16 21:34:20,514216366184003,獨醉,点亮粉丝团,1,1,[等级16],[粉丝团 Lv10]
2026-05-16 21:34:35,88698000828,一醉解千愁,粉丝团灯牌,1,1,[等级26],[粉丝团 Lv13]
2026-05-16 21:34:45,1591743325673303,🌈ꦿℒℴѵℯ遇见এ，,粉丝团灯牌,1,1,[等级24],[粉丝团 Lv9]
2026-05-16 21:34:49,74111510993,小幸运🍀,粉丝团灯牌,1,1,[等级23],[粉丝团 Lv12]
2026-05-16 21:35:04,1750014883280792,南梵,点亮粉丝团,1,1,[等级26],[粉丝团 Lv5]
2026-05-16 21:35:07,1750014883280792,南梵,点亮粉丝团,1,1,[等级26],[粉丝团 Lv5]
2026-05-16 21:35:08,4402072971125352,`wo式狠执着,粉丝团灯牌,1,1,[等级20],[粉丝团 Lv4]
2026-05-16 21:35:11,1750014883280792,南梵,粉丝团灯牌,1,1,[等级26],[粉丝团 Lv6]
2026-05-16 21:35:16,4222563447739095,123456,点亮粉丝团,1,1,[等级17],[粉丝团 Lv1]
2026-05-16 21:35:19,4222563447739095,123456,点亮粉丝团,1,1,[等级17],[粉丝团 Lv1]
2026-05-16 21:35:19,93150621877,也,点亮粉丝团,1,1,[等级8],[粉丝团 Lv6]
2026-05-16 21:35:23,93150621877,也,点亮粉丝团,1,1,[等级8],[粉丝团 Lv6]
2026-05-16 21:35:29,51287302581,啊木哥,粉丝团灯牌,1,1,[等级19],[粉丝团 Lv1]
2026-05-16 21:35:38,4255529066040956,叶子饱饱,点亮粉丝团,1,1,[等级6],[粉丝团 Lv6]
2026-05-16 21:35:40,102217296554,有间客栈（章记）,粉丝团灯牌,1,1,[等级17],[粉丝团 Lv10]
2026-05-16 21:35:41,4255529066040956,叶子饱饱,点亮粉丝团,1,1,[等级6],[粉丝团 Lv6]
2026-05-16 21:35:42,391081689882019,清茶·,点亮粉丝团,1,1,[等级30],[粉丝团 Lv9]
2026-05-16 21:35:44,391081689882019,清茶·,点亮粉丝团,1,1,[等级30],[粉丝团 Lv9]
